frame	x	z	chunks	meshrenderers	glass_vis	hany_vis	hbig_vis	uany_vis	ubig_vis	glass_px	hany_px	hbig_px	uany_px	ubig_px	hany_live	hbig_live
0	271.50	43.50	25	3748	6	10	8	11	9	73.5	35.6	12.8	35.6	23.5	34	29
1	271.50	43.37	25	3748	6	10	8	11	9	55.0	35.2	12.7	35.2	23.5	34	29
2	271.50	43.23	25	3748	6	10	7	11	8	48.0	34.8	12.5	34.8	23.6	34	29
3	271.50	43.10	25	3748	5	11	7	12	8	45.4	36.7	12.4	36.7	23.6	34	29
4	271.50	42.97	25	3748	5	10	8	11	9	45.9	36.8	25.7	36.8	25.7	34	29
5	271.50	42.83	25	3748	0	10	8	11	9	0.0	36.9	25.7	36.9	25.7	34	29
6	271.50	42.70	25	3748	0	10	8	11	9	0.0	36.9	25.8	36.9	25.8	34	29
7	271.50	42.57	25	3748	0	11	8	12	9	0.0	37.0	25.8	37.0	25.8	34	29
8	271.50	42.43	25	3748	0	11	8	12	9	0.0	37.1	25.9	37.1	25.9	34	29
9	271.50	42.30	25	3748	0	11	9	12	10	0.0	37.2	26.0	37.2	26.0	34	29
10	271.50	42.17	25	3748	0	11	9	13	11	0.0	37.2	26.0	37.2	26.0	34	29
11	271.50	42.03	25	3748	0	11	9	13	11	0.0	37.3	26.1	37.3	26.1	34	29
12	271.50	41.90	25	3748	5	13	9	15	11	45.9	37.4	26.1	37.4	26.1	34	29
13	271.50	41.77	25	3748	6	15	12	17	14	48.4	37.5	26.2	37.5	26.2	34	29
14	271.50	41.63	25	3748	6	17	13	19	15	47.7	37.6	26.2	37.6	26.2	34	29
15	271.50	41.50	25	3748	6	18	14	20	16	73.4	38.6	26.3	38.6	26.3	34	29
16	271.50	41.37	25	3748	5	18	15	20	17	71.6	39.9	26.4	39.9	26.4	34	29
17	271.50	41.23	25	3748	6	18	15	20	17	68.9	41.3	26.4	41.3	26.4	34	29
18	271.50	41.10	25	3748	7	18	15	20	17	66.1	43.1	26.5	43.1	26.5	34	29
19	271.50	40.97	25	3748	7	18	15	20	17	76.2	45.2	26.7	45.2	26.7	34	29
20	271.50	40.83	25	3748	8	18	15	20	17	72.4	47.6	26.8	47.6	26.8	34	29
21	271.50	40.70	25	3748	7	18	15	20	17	68.8	50.5	27.0	50.5	27.0	34	29
22	271.50	40.57	25	3748	7	20	16	22	18	65.3	54.0	27.2	54.0	27.2	34	29
23	271.57	40.50	25	3748	7	18	14	21	17	64.3	49.8	27.3	49.8	27.3	34	29
24	271.70	40.50	25	3748	7	20	15	22	17	65.6	49.2	27.4	49.2	27.4	34	29
25	271.83	40.50	25	3748	7	20	16	22	18	66.7	54.0	27.4	54.0	27.4	34	29
26	271.97	40.50	25	3748	7	20	17	22	19	67.7	53.4	27.4	53.4	27.4	34	29
27	272.10	40.50	25	3748	8	19	16	21	18	68.7	53.1	27.5	53.1	27.5	34	29
28	272.23	40.50	25	3748	8	19	16	21	18	69.5	52.8	27.5	52.8	27.5	34	29
29	272.37	40.50	25	3748	8	19	16	21	18	70.2	52.7	27.6	52.7	27.6	34	29
30	272.50	40.50	25	3748	8	19	16	21	18	70.7	52.6	27.6	52.6	27.6	34	29
31	272.63	40.50	25	3748	8	19	16	21	18	71.1	52.8	27.7	52.8	27.7	34	29
32	272.77	40.50	25	3748	8	20	16	22	18	71.4	53.0	27.8	53.0	27.8	34	29
33	272.90	40.50	25	3748	8	20	17	22	19	71.5	53.3	27.8	53.3	27.8	34	29
34	273.03	40.50	25	3748	8	20	15	22	17	71.4	51.2	27.9	51.2	27.9	34	29
35	273.17	40.50	25	3748	8	18	15	20	17	71.3	49.1	28.0	49.1	28.0	34	29
36	273.30	40.50	25	3748	8	18	13	21	16	70.9	49.7	28.1	49.7	28.1	34	29
37	273.43	40.50	25	3748	8	15	12	18	15	70.5	50.5	28.2	50.5	28.2	34	29
38	273.57	40.50	25	3748	8	12	8	15	11	69.9	51.4	28.4	51.4	28.4	34	29
39	273.70	40.50	25	3748	8	8	8	11	11	69.2	52.5	28.5	52.5	28.5	34	29
40	273.83	40.50	25	3748	8	5	3	8	5	68.4	53.5	28.6	53.5	28.6	34	29
41	273.97	40.50	25	3748	8	3	2	5	4	67.4	41.3	28.8	41.3	28.8	34	29
42	274.10	40.50	25	3748	8	1	1	3	3	66.4	41.5	29.0	41.5	29.0	34	29
43	274.23	40.50	25	3748	7	1	1	3	3	65.3	41.8	29.2	41.8	29.2	34	29
44	274.37	40.50	25	3748	7	1	1	3	3	64.1	42.1	29.4	42.1	29.4	34	29
45	274.50	40.50	25	3748	7	1	1	2	2	62.9	42.5	29.7	42.5	29.7	34	29
46	274.63	40.50	25	3748	7	1	1	2	2	61.6	42.9	29.9	42.9	29.9	34	29
47	274.77	40.50	25	3748	7	1	1	2	2	60.3	43.3	30.2	43.3	30.2	34	29
48	274.90	40.50	25	3748	7	1	1	2	2	59.0	44.0	30.6	44.0	30.6	34	29
49	275.03	40.50	25	3748	7	1	1	2	2	57.7	44.9	30.9	44.9	30.9	34	29
50	275.17	40.50	25	3748	7	2	2	3	3	56.3	54.8	43.1	54.8	43.1	34	29
51	275.30	40.50	25	3748	8	2	2	3	3	55.1	79.7	65.8	79.7	65.8	34	29
52	275.43	40.50	25	3748	8	2	2	3	3	53.8	80.8	67.5	80.8	67.5	34	29
53	275.57	40.50	25	3748	8	2	2	3	3	52.6	77.5	64.7	77.5	64.7	34	29
54	275.70	40.50	25	3748	8	3	2	4	3	51.4	74.4	62.0	74.4	62.0	34	29
55	275.83	40.50	25	3748	7	3	3	4	4	50.3	71.4	59.4	71.4	59.4	34	29
56	275.97	40.50	25	3748	7	3	3	5	5	50.8	68.6	57.0	68.6	57.0	34	29
57	276.10	40.50	25	3748	8	2	2	4	4	65.1	66.0	54.8	66.0	54.8	34	29
58	276.23	40.50	25	3748	8	2	2	4	4	61.6	63.6	52.7	63.6	52.7	34	29
59	276.37	40.50	25	3748	9	2	2	4	4	58.4	67.5	50.8	67.5	50.8	34	29
60	276.50	40.50	25	3748	9	2	2	4	4	55.6	72.1	49.0	72.1	49.0	34	29
61	276.63	40.50	25	3748	9	2	2	6	5	52.9	77.4	47.4	77.4	47.4	34	29
62	276.77	40.50	25	3748	9	1	1	3	3	50.6	55.7	46.0	55.7	46.0	34	29
63	276.90	40.50	25	3748	12	3	2	6	4	516.5	55.7	44.7	55.7	44.7	34	29
64	277.03	40.50	25	3748	12	5	4	6	5	514.0	70.0	43.5	70.0	43.5	34	29
65	277.17	40.50	25	3748	11	5	4	6	5	512.2	66.1	42.5	66.1	42.5	34	29
66	277.30	40.50	25	3748	11	5	4	6	5	511.0	62.8	41.6	62.8	41.6	34	29
67	277.43	40.50	25	3748	11	5	4	6	5	510.6	59.8	40.9	59.8	40.9	34	29
68	277.57	40.50	25	3748	11	5	4	6	5	511.0	57.2	40.2	57.2	40.2	34	29
69	277.70	40.50	25	3748	11	5	4	6	5	512.1	54.9	39.7	54.9	39.7	34	29
70	277.83	40.50	25	3748	11	5	4	6	5	514.1	53.0	39.2	53.0	39.2	34	29
71	277.97	40.50	25	3748	12	5	4	6	5	516.9	51.2	38.8	51.2	38.8	34	29
72	278.10	40.50	25	3748	12	5	4	6	5	520.5	49.7	38.6	49.7	38.6	34	29
73	278.23	40.50	25	3748	12	5	4	6	5	524.9	48.4	38.3	48.4	38.3	34	29
74	278.37	40.50	25	3748	12	5	4	7	6	530.3	47.2	38.2	47.2	38.2	34	29
75	278.50	40.50	25	3748	11	5	4	7	6	536.5	46.8	38.1	46.8	38.1	34	29
76	278.63	40.50	25	3748	11	5	4	7	6	543.7	46.8	38.0	46.8	38.0	34	29
77	278.77	40.50	25	3748	13	5	4	7	6	551.9	46.8	38.0	46.8	38.0	34	29
78	278.90	40.50	25	3748	13	5	4	7	6	561.2	46.9	38.0	46.9	38.0	34	29
79	279.03	40.50	25	3748	13	5	4	7	6	572.1	47.0	38.1	47.0	38.1	34	29
80	279.17	40.50	25	3748	13	5	4	7	6	583.1	47.2	38.2	47.2	38.2	34	29
81	279.30	40.50	25	3748	13	5	4	7	6	596.0	47.3	38.2	47.3	38.2	34	29
82	279.43	40.50	25	3748	13	5	4	7	6	610.3	47.5	38.4	47.5	38.4	34	29
83	279.57	40.50	25	3748	13	5	4	7	6	626.3	47.7	38.5	47.7	38.5	34	29
84	279.70	40.50	25	3748	13	5	4	7	6	644.0	48.0	38.6	48.0	38.6	34	29
85	279.83	40.50	25	3748	13	5	4	7	6	663.9	48.2	38.8	48.2	38.8	34	29
86	279.97	40.50	25	3748	13	5	4	6	5	686.1	48.4	38.9	48.4	38.9	34	29
87	280.10	40.50	25	3748	13	5	4	6	5	711.0	48.7	39.1	48.7	39.1	34	29
88	280.23	40.50	25	3748	13	5	4	6	5	739.3	48.9	39.2	48.9	39.2	34	29
89	280.37	40.50	25	3748	13	5	4	6	5	356.7	49.2	39.3	49.2	39.3	34	29
90	280.50	40.50	25	3748	13	5	4	6	5	364.6	49.4	39.5	49.4	39.5	34	29
91	280.63	40.50	25	3748	13	5	4	6	5	373.2	49.6	39.6	49.6	39.6	34	29
92	280.77	40.50	25	3748	13	5	4	6	5	382.6	49.8	39.8	49.8	39.8	34	29
93	280.90	40.50	25	3748	13	5	4	6	5	392.9	50.1	39.9	50.1	39.9	34	29
94	281.03	40.50	25	3748	13	5	4	6	5	404.2	50.3	40.0	50.3	40.0	34	29
95	281.17	40.50	25	3748	12	5	4	6	5	194.2	50.5	40.1	50.5	40.1	34	29
96	281.30	40.50	25	3748	12	5	4	6	5	197.2	50.7	40.2	50.7	40.2	34	29
97	281.43	40.50	25	3748	12	5	4	6	5	200.4	50.9	40.3	50.9	40.3	34	29
98	281.57	40.50	25	3748	13	5	4	6	5	203.9	51.1	40.4	51.1	40.4	34	29
99	281.70	40.50	25	3748	13	5	4	6	5	207.8	51.3	40.6	51.3	40.6	34	29
100	281.83	40.50	25	3748	13	5	4	6	5	212.0	51.5	40.7	51.5	40.7	34	29
101	281.97	40.50	25	3748	13	5	4	6	5	216.6	51.7	40.8	51.7	40.8	34	29
102	282.10	40.50	25	3748	13	5	4	6	5	221.8	52.0	40.9	52.0	40.9	34	29
103	282.23	40.50	25	3748	12	5	4	6	5	227.3	52.2	41.1	52.2	41.1	34	29
104	282.37	40.50	25	3748	12	5	4	6	5	233.5	52.5	41.2	52.5	41.2	34	29
105	282.50	40.50	25	3748	12	5	4	7	6	240.4	52.7	41.4	52.7	41.4	34	29
106	282.63	40.50	25	3748	12	5	4	7	6	248.2	53.1	41.6	53.1	41.6	34	29
107	282.77	40.50	25	3748	11	5	4	7	6	57.1	53.4	41.8	53.4	41.8	34	29
108	282.90	40.50	25	3748	11	5	4	7	6	56.6	53.9	42.1	53.9	42.1	34	29
109	283.03	40.50	25	3748	10	5	4	7	6	56.0	54.3	42.4	54.3	42.4	34	29
110	283.17	40.50	25	3748	10	5	4	7	6	55.4	54.9	42.8	54.9	42.8	34	29
111	283.30	40.50	25	3748	10	5	4	7	6	55.0	55.5	43.2	55.5	43.2	34	29
112	283.43	40.50	25	3748	10	5	4	7	6	54.7	56.3	43.7	56.3	43.7	34	29
113	283.57	40.50	25	3748	14	5	4	7	6	353.5	78.6	60.5	78.6	60.5	34	29
114	283.70	40.50	25	3748	14	5	4	7	6	358.1	78.5	60.4	78.5	60.4	34	29
115	283.83	40.50	25	3748	14	5	4	7	6	362.8	78.5	60.2	78.5	60.2	34	29
116	283.97	40.50	25	3748	14	5	4	7	6	367.7	78.4	60.0	78.4	60.0	34	29
117	284.10	40.50	25	3748	14	5	4	7	6	372.8	78.3	59.9	78.3	59.9	34	29
118	284.23	40.50	25	3748	14	5	4	7	6	378.0	78.2	59.7	78.2	59.7	34	29
119	284.37	40.50	25	3748	14	5	4	7	6	383.3	78.2	59.6	78.2	59.6	34	29
120	284.50	40.50	25	3748	14	5	4	7	6	388.6	78.2	59.5	78.2	59.5	34	29
121	284.63	40.50	25	3748	14	5	4	7	6	393.8	78.2	59.4	78.2	59.4	34	29
122	284.77	40.50	25	3748	14	5	4	7	6	398.9	78.3	59.3	78.3	59.3	34	29
123	284.90	40.50	25	3748	13	5	4	7	6	197.0	78.4	59.4	78.4	59.4	34	29
124	285.03	40.50	25	3748	13	5	4	7	6	198.1	78.6	59.4	78.6	59.4	34	29
125	285.17	40.50	25	3748	13	5	4	7	6	199.2	78.9	59.5	78.9	59.5	34	29
126	285.30	40.50	25	3748	13	5	4	7	6	200.2	79.4	59.8	79.4	59.8	34	29
127	285.43	40.50	25	3748	13	5	4	7	6	201.0	79.9	60.0	79.9	60.0	34	29
128	285.57	40.50	25	3748	13	6	4	8	6	201.7	80.6	60.4	80.6	60.4	34	29
129	285.70	40.50	25	3748	13	6	4	8	6	202.2	81.4	60.9	81.4	60.9	34	29
130	285.83	40.50	25	3748	13	6	5	8	7	202.5	82.4	61.5	82.4	61.5	34	29
131	285.97	40.50	25	3748	13	6	5	8	7	202.6	83.5	62.2	83.5	62.2	34	29
132	286.10	40.50	25	3748	13	6	5	8	7	202.5	84.9	63.1	84.9	63.1	34	29
133	286.23	40.50	25	3748	13	6	5	8	7	202.3	86.4	64.1	86.4	64.1	34	29
134	286.37	40.50	25	3748	13	6	5	8	7	201.8	88.1	65.2	88.1	65.2	34	29
135	286.50	40.50	25	3748	13	6	5	8	7	201.2	90.0	66.5	90.0	66.5	34	29
136	286.50	40.63	25	3748	12	5	4	7	6	61.2	63.4	47.5	63.4	47.5	34	29
137	286.50	40.77	25	3748	12	5	4	7	6	60.0	65.1	48.9	65.1	48.9	34	29
138	286.50	40.90	25	3748	12	5	4	7	6	59.2	67.2	50.6	67.2	50.6	34	29
139	286.50	41.03	25	3748	12	5	4	8	7	58.6	69.5	52.6	69.5	52.6	34	29
140	286.50	41.17	25	3748	11	5	4	8	7	58.2	74.7	54.8	74.7	54.8	34	29
141	286.50	41.30	25	3748	11	5	4	8	7	58.1	81.9	57.4	81.9	57.4	34	29
142	286.50	41.43	25	3748	11	1	1	4	3	58.2	79.1	60.4	79.1	60.4	34	29
143	286.50	41.57	25	3748	11	1	1	3	3	58.5	83.3	63.8	83.3	63.8	34	29
144	286.50	41.70	25	3748	13	2	2	4	4	61.5	88.5	67.9	88.5	67.9	34	29
145	286.50	41.83	25	3748	13	2	2	4	4	67.0	95.1	73.0	95.1	73.0	34	29
146	286.50	41.97	25	3748	13	2	2	3	3	73.7	102.6	79.2	102.6	79.2	34	29
147	286.50	42.10	25	3748	13	2	2	3	3	65.7	110.0	85.4	110.0	85.4	34	29
148	286.50	42.23	25	3748	11	2	2	5	3	63.9	116.6	91.2	116.6	91.2	34	29
149	286.50	42.37	25	3748	11	2	2	4	4	65.8	127.1	99.6	127.1	99.6	34	29
150	286.50	42.50	25	3748	11	1	0	3	2	68.1	87.7	0.0	87.7	21.7	34	29
151	286.50	42.63	25	3748	10	1	1	3	3	70.7	66.4	46.6	66.4	46.6	34	29
152	286.50	42.77	25	3748	9	1	1	1	1	73.7	76.3	47.7	76.3	47.7	34	29
153	286.50	42.90	25	3748	9	1	1	2	2	77.3	69.9	43.8	69.9	43.8	34	29
154	286.50	43.03	25	3748	9	1	1	2	2	81.3	64.7	40.5	64.7	41.1	34	29
155	286.50	43.17	25	3748	9	1	1	2	2	85.9	60.2	39.0	60.2	39.3	34	29
156	286.50	43.30	25	3748	9	1	1	2	2	91.1	56.5	37.7	56.5	37.8	34	29
157	286.50	43.43	25	3748	9	1	1	2	2	97.0	53.3	36.6	53.3	36.6	34	29
158	286.57	43.50	25	3748	9	1	1	2	2	100.5	52.1	36.1	52.1	36.1	34	29
159	286.70	43.50	25	3748	9	1	1	2	2	100.7	52.4	36.3	52.4	36.3	34	29
160	286.83	43.50	25	3748	9	1	1	2	2	100.8	52.8	36.5	52.8	36.5	34	29
161	286.97	43.50	25	3748	9	1	1	2	2	100.7	53.2	36.7	53.2	36.7	34	29
162	287.10	43.50	25	3748	9	1	1	2	2	100.4	53.8	36.9	53.8	36.9	34	29
163	287.23	43.50	25	3748	9	1	1	2	2	99.9	54.4	37.2	54.4	37.2	34	29
164	287.37	43.50	25	3748	9	1	1	2	2	99.3	55.2	37.5	55.2	37.6	34	29
165	287.50	43.50	25	3748	9	1	1	2	2	98.5	56.0	37.8	56.0	38.0	34	29
166	287.63	43.50	25	3748	9	1	1	2	2	97.5	57.0	38.2	57.0	38.5	34	29
167	287.77	43.50	25	3748	9	1	1	2	2	96.5	58.2	38.7	58.2	39.1	34	29
168	287.90	43.50	25	3748	9	1	1	2	2	95.2	59.5	39.2	59.5	39.7	34	29
169	288.03	43.50	21	3748	9	1	1	2	2	93.9	60.9	39.7	60.9	40.4	32	27
170	288.17	43.50	22	3748	9	1	1	2	2	92.5	62.6	40.5	62.6	41.1	32	27
171	288.30	43.50	23	3748	9	1	1	2	2	91.0	64.6	41.8	64.6	42.0	32	27
172	288.43	43.50	24	3748	9	1	1	2	2	89.4	66.8	43.3	66.8	43.3	32	27
173	288.57	43.50	25	3748	9	1	1	2	2	87.8	69.4	45.1	69.4	45.1	32	27
174	288.70	43.50	25	3748	9	1	1	1	1	86.2	72.3	47.1	72.3	47.1	32	27
175	288.83	43.50	25	3748	9	1	1	1	1	84.6	75.7	49.4	75.7	49.4	32	27
176	288.97	43.50	25	3748	9	1	1	3	3	83.0	79.7	52.1	79.7	52.1	32	27
177	289.10	43.50	25	3748	9	1	1	3	3	81.4	67.8	47.3	67.8	47.3	32	27
178	289.23	43.50	25	3748	9	0	0	2	2	79.9	0.0	0.0	28.1	21.3	32	27
179	289.37	43.50	25	3748	10	0	0	2	2	78.4	0.0	0.0	28.8	21.9	32	27
180	289.50	43.50	25	3740	14	0	0	3	3	77.0	0.0	0.0	29.6	22.5	32	27
181	289.63	43.50	25	3740	14	1	1	4	4	75.7	36.9	25.8	36.9	25.8	32	27
182	289.77	43.50	25	3740	15	0	0	3	3	74.6	0.0	0.0	31.5	23.9	32	27
183	289.90	43.50	25	3740	15	2	1	3	2	73.5	107.3	34.2	107.3	34.2	32	27
184	290.03	43.50	25	3740	15	3	2	4	3	72.6	104.9	81.9	104.9	81.9	32	27
185	290.17	43.50	25	3740	14	2	2	4	3	71.8	149.3	112.3	149.3	112.3	32	27
186	290.30	43.50	25	3740	14	2	2	4	4	71.1	146.8	111.1	146.8	111.1	32	27
187	290.43	43.50	25	3740	15	2	2	4	4	74.0	140.4	106.0	140.4	106.0	32	27
188	290.57	43.50	25	3740	15	2	2	4	4	77.0	134.6	101.2	134.6	101.2	32	27
189	290.70	43.50	25	3740	15	2	2	4	4	78.0	129.4	97.0	129.4	97.0	32	27
190	290.83	43.50	25	3740	16	2	2	4	4	73.8	124.8	93.2	124.8	93.2	32	27
191	290.97	43.50	25	3740	16	2	2	4	4	70.2	120.6	89.7	120.6	89.7	32	27
192	291.10	43.50	25	3740	16	2	2	4	4	70.4	116.9	86.7	116.9	86.7	32	27
193	291.23	43.50	25	3740	16	2	2	4	4	70.9	113.6	84.0	113.6	84.0	32	27
194	291.37	43.50	25	3740	15	2	2	4	4	71.4	110.8	81.5	110.8	81.5	32	27
195	291.50	43.50	25	3740	15	2	2	4	4	72.1	108.3	79.4	108.3	79.4	32	27
196	291.63	43.50	25	3740	16	2	2	5	5	72.9	106.1	77.5	106.1	77.5	32	27
197	291.77	43.50	25	3740	16	6	5	9	8	73.8	104.2	75.9	104.2	75.9	32	27
198	291.90	43.50	25	3740	17	6	5	9	8	74.9	102.6	74.4	102.6	74.4	32	27
199	292.03	43.50	25	3740	17	6	5	9	8	76.0	101.3	73.1	101.3	73.1	32	27
200	292.17	43.50	25	3740	17	6	5	9	8	77.2	100.1	72.0	100.1	72.0	32	27
201	292.30	43.50	25	3740	17	6	4	9	7	78.5	99.2	71.1	99.2	71.1	32	27
202	292.43	43.50	25	3740	17	6	4	9	7	79.9	98.4	70.2	98.4	70.2	32	27
203	292.57	43.50	25	3740	17	6	4	8	6	81.3	97.8	69.6	97.8	69.6	32	27
204	292.70	43.50	25	3740	17	5	4	7	6	82.7	97.4	69.9	97.4	69.9	32	27
205	292.83	43.50	25	3740	17	5	4	7	6	84.2	97.0	70.1	97.0	70.1	32	27
206	292.97	43.50	25	3740	17	5	4	7	6	86.2	96.8	70.5	96.8	70.5	32	27
207	293.10	43.50	25	3740	18	5	4	7	6	88.1	96.7	70.8	96.7	70.8	32	27
208	293.23	43.50	25	3740	18	5	4	7	6	90.1	96.6	71.2	96.6	71.2	32	27
209	293.37	43.50	25	3740	18	5	4	7	6	92.0	96.7	71.6	96.7	71.6	32	27
210	293.50	43.50	25	3740	18	5	4	7	6	93.8	96.8	72.1	96.8	72.1	32	27
211	293.63	43.50	25	3740	18	5	4	7	6	95.6	97.0	72.5	97.0	72.5	32	27
212	293.77	43.50	25	3740	18	6	4	8	6	97.3	97.3	73.1	97.3	73.1	32	27
213	293.90	43.50	25	3740	18	6	4	8	6	98.9	97.6	73.6	97.6	73.6	32	27
214	294.03	43.50	25	3740	18	6	4	8	6	100.4	98.1	74.3	98.1	74.3	32	27
215	294.17	43.50	25	3740	18	6	4	8	6	101.8	98.5	74.8	98.5	74.8	32	27
216	294.30	43.50	25	3740	18	6	4	8	6	103.0	99.0	75.4	99.0	75.4	32	27
217	294.43	43.50	25	3740	18	6	4	8	6	104.1	99.6	76.0	99.6	76.0	32	27
218	294.57	43.50	25	3740	18	6	5	8	7	105.1	100.3	76.7	100.3	76.7	32	27
219	294.70	43.50	25	3740	18	6	5	8	7	105.9	101.0	77.5	101.0	77.5	32	27
220	294.83	43.50	25	3740	18	6	5	8	7	106.6	101.8	78.2	101.8	78.2	32	27
221	294.97	43.50	25	3740	18	6	5	8	7	107.1	102.7	79.0	102.7	79.0	32	27
222	295.10	43.50	25	3740	18	6	5	8	7	107.5	103.7	80.0	103.7	80.0	32	27
223	295.23	43.50	25	3740	18	6	5	8	7	107.7	104.8	80.7	104.8	80.7	32	27
224	295.37	43.50	25	3740	18	6	5	8	7	107.8	106.1	81.7	106.1	81.7	32	27
225	295.50	43.50	25	3740	18	6	5	8	7	107.6	107.4	82.7	107.4	82.7	32	27
226	295.63	43.50	25	3740	19	6	5	8	7	107.4	109.0	83.8	109.0	83.8	32	27
227	295.77	43.50	25	3740	19	6	5	8	7	107.0	110.7	84.9	110.7	84.9	32	27
228	295.90	43.50	25	3740	19	6	5	8	7	106.4	112.6	86.2	112.6	86.2	32	27
229	296.03	43.50	25	3740	19	6	5	8	7	105.8	114.8	87.5	114.8	87.5	32	27
230	296.17	43.50	25	3740	19	6	5	8	7	105.0	117.2	89.0	117.2	89.0	32	27
231	296.30	43.50	25	3740	19	6	5	8	7	104.1	120.0	90.6	120.0	90.6	32	27
232	296.43	43.50	25	3740	19	6	5	8	7	103.1	123.1	92.4	123.1	92.4	32	27
233	296.57	43.50	25	3740	19	6	5	8	7	102.1	126.7	94.3	126.7	94.3	32	27
234	296.70	43.50	25	3740	19	6	5	8	7	101.0	130.8	96.4	130.8	96.4	32	27
235	296.83	43.50	25	3740	19	6	5	8	7	99.8	135.5	98.8	135.5	98.8	32	27
236	296.97	43.50	25	3740	19	6	5	8	7	99.3	140.9	101.4	140.9	101.4	32	27
237	297.10	43.50	25	3740	19	6	4	8	6	98.9	147.2	104.3	147.2	104.3	32	27
238	297.23	43.50	25	3740	19	4	2	6	4	98.5	154.5	107.6	154.5	107.6	32	27
239	297.37	43.50	25	3740	20	2	2	4	4	98.1	163.1	111.2	163.1	111.2	32	27
240	297.50	43.50	25	3740	20	2	2	4	3	97.9	173.2	115.4	173.2	115.4	32	27
241	297.63	43.50	25	3740	20	2	2	4	4	97.7	167.3	120.2	167.3	120.2	32	27
242	297.77	43.50	25	3740	20	2	1	4	3	97.7	161.0	29.8	161.0	33.3	32	27
243	297.90	43.50	25	3740	20	1	1	3	3	97.8	45.2	30.3	45.2	32.6	32	27
244	298.03	43.50	25	3740	21	1	1	3	3	98.2	46.8	30.9	46.8	31.9	32	27
245	298.17	43.50	25	3740	21	1	1	3	3	99.3	48.6	31.5	48.6	31.5	32	27
246	298.30	43.50	25	3740	21	1	1	3	3	100.5	50.7	32.3	50.7	32.3	32	27
247	298.43	43.50	25	3740	20	1	1	3	3	101.8	53.1	33.1	53.1	33.1	32	27
248	298.57	43.50	25	3740	10	1	1	3	2	147.2	67.5	52.3	67.5	52.3	32	27
249	298.70	43.50	25	3740	9	1	1	2	2	163.4	64.6	47.9	64.6	47.9	32	27
250	298.83	43.50	25	3740	8	1	1	3	3	117.7	62.0	44.2	62.0	45.2	32	27
251	298.97	43.50	25	3740	3	1	1	3	3	107.3	59.7	41.7	59.7	42.9	32	27
252	299.10	43.50	25	3740	0	1	1	3	3	0.0	57.7	40.3	57.7	40.9	32	27
253	299.23	43.50	25	3740	0	1	1	3	3	0.0	56.0	39.1	56.0	39.2	32	27
254	299.37	43.50	25	3740	0	7	6	10	9	0.0	54.5	38.0	54.5	38.0	32	27
255	299.50	43.50	25	3740	0	18	15	21	18	0.0	53.2	37.2	53.2	37.2	32	27
256	299.63	43.50	25	3740	0	18	15	21	18	0.0	52.2	36.5	52.2	36.5	32	27
257	299.77	43.50	25	3740	0	13	11	16	14	0.0	51.5	35.9	51.5	35.9	32	27
258	299.90	43.50	25	3740	0	10	8	13	11	0.0	50.9	35.6	50.9	36.8	32	27
259	300.03	43.50	25	3740	0	9	6	11	8	0.0	50.5	35.3	50.5	35.3	32	27
260	300.17	43.50	25	3740	0	3	2	4	3	0.0	50.3	35.1	50.3	35.1	32	27
261	300.30	43.50	25	3740	0	1	1	2	2	0.0	50.1	35.0	50.1	35.0	32	27
262	300.43	43.50	25	3740	0	1	1	2	2	0.0	50.3	35.1	50.3	35.1	32	27
263	300.57	43.50	25	3740	0	1	1	4	2	0.0	50.7	35.4	50.7	35.4	32	27
264	300.70	43.50	25	3740	0	1	1	4	4	0.0	51.3	35.9	51.3	35.9	32	27
265	300.83	43.50	25	3740	0	1	1	4	4	0.0	52.1	36.4	52.1	36.4	32	27
266	300.97	43.50	25	3740	0	2	2	6	6	0.0	53.2	37.2	53.2	37.2	32	27
267	301.10	43.50	25	3740	0	2	2	5	5	0.0	54.5	38.0	54.5	38.0	32	27
268	301.23	43.50	25	3740	0	2	2	5	5	0.0	56.0	39.1	56.0	39.1	32	27
269	301.37	43.50	25	3740	0	2	2	5	5	0.0	57.8	40.3	57.8	40.3	32	27
270	301.50	43.50	25	3740	0	1	1	2	2	0.0	59.8	41.8	59.8	41.8	32	27
271	301.50	43.37	25	3740	0	11	9	14	12	0.0	52.0	36.3	52.0	36.5	32	27
272	301.50	43.23	25	3740	0	13	11	16	14	0.0	52.3	36.6	52.3	36.6	32	27
273	301.50	43.10	25	3740	0	14	11	17	14	0.0	52.7	36.8	52.7	36.8	32	27
274	301.50	42.97	25	3740	0	17	14	20	17	0.0	53.2	37.1	53.2	37.1	32	27
275	301.50	42.83	25	3740	0	18	15	21	18	0.0	53.7	37.5	53.7	37.5	32	27
276	301.50	42.70	25	3740	0	18	15	21	18	0.0	54.2	37.9	54.2	37.9	32	27
277	301.50	42.57	25	3740	0	18	15	21	18	0.0	54.8	38.3	54.8	38.3	32	27
278	301.50	42.43	25	3740	0	18	15	21	18	0.0	55.6	38.8	55.6	38.8	32	27
279	301.50	42.30	25	3740	0	15	12	18	15	0.0	56.4	39.4	56.4	39.4	32	27
280	301.50	42.17	25	3740	0	9	6	12	9	0.0	57.3	40.0	57.3	40.0	32	27
281	301.50	42.03	25	3740	0	2	2	5	5	0.0	58.4	40.8	58.4	41.1	32	27
282	301.50	41.90	25	3740	0	3	1	5	3	0.0	59.7	41.7	59.7	42.4	32	27
283	301.50	41.77	25	3740	0	3	2	6	5	0.0	61.2	42.7	61.2	44.0	32	27
284	301.50	41.63	25	3740	0	1	1	3	3	0.0	62.9	43.9	62.9	45.7	32	27
285	301.50	41.50	25	3740	0	1	1	3	3	0.0	64.9	45.3	64.9	47.8	32	27
286	301.50	41.37	25	3740	0	1	1	4	3	0.0	67.3	48.1	67.3	48.1	32	27
287	301.50	41.23	25	3740	0	1	1	4	4	0.0	70.0	51.8	70.0	51.8	32	27
288	301.50	41.10	25	3740	4	1	1	4	4	93.9	73.3	56.4	73.3	56.4	32	27
289	301.50	40.97	25	3740	7	1	1	4	4	122.7	77.2	62.1	77.2	62.1	32	27
290	301.50	40.83	25	3740	9	0	0	3	3	139.2	0.0	0.0	36.8	28.0	32	27
291	301.50	40.70	25	3740	9	0	0	3	3	154.4	0.0	0.0	36.6	27.8	32	27
292	301.50	40.57	25	3740	11	0	0	3	3	183.1	0.0	0.0	36.3	27.6	32	27
293	301.57	40.50	25	3740	14	1	1	4	4	174.3	40.2	27.0	40.2	27.6	32	27
294	301.70	40.50	25	3740	15	1	1	4	4	172.3	41.2	27.7	41.2	27.7	32	27
295	301.83	40.50	25	3740	15	1	1	4	4	170.0	42.3	28.5	42.3	28.5	32	27
296	301.97	40.50	25	3740	15	1	1	4	4	167.6	43.6	29.4	43.6	29.4	32	27
297	302.10	40.50	25	3740	15	1	1	4	4	164.9	45.1	30.4	45.1	30.4	32	27
298	302.23	40.50	25	3740	15	2	2	5	5	162.1	46.8	31.6	46.8	31.6	32	27
299	302.37	40.50	25	3740	15	2	2	5	5	159.2	48.8	33.0	48.8	33.0	32	27
300	302.50	40.50	25	3740	14	2	2	5	5	156.3	43.8	29.4	43.8	29.4	32	27
301	302.63	40.50	25	3740	15	1	1	3	2	169.6	45.6	28.5	45.6	28.5	32	27
302	302.77	40.50	25	3740	15	1	1	3	3	167.3	47.6	29.8	47.6	29.8	32	27
303	302.90	40.50	25	3740	15	1	1	3	3	164.9	50.0	31.3	50.0	31.3	32	27
304	303.03	40.50	25	3740	15	1	1	3	3	178.8	52.8	33.1	52.8	33.1	32	27
305	303.17	40.50	25	3740	15	1	1	3	3	217.6	43.9	30.5	43.9	30.5	32	27
306	303.30	40.50	25	3740	15	0	0	2	2	209.7	0.0	0.0	38.7	29.4	32	27
307	303.43	40.50	25	3740	15	0	0	1	1	202.3	0.0	0.0	39.1	29.7	32	27
308	303.57	40.50	25	3740	16	0	0	1	1	195.2	0.0	0.0	39.6	30.0	32	27
309	303.70	40.50	25	3740	16	0	0	1	1	196.1	0.0	0.0	40.1	30.4	32	27
310	303.83	40.50	25	3740	19	0	0	1	1	192.4	0.0	0.0	40.7	30.9	32	27
311	303.97	40.50	25	3740	21	0	0	1	1	189.0	0.0	0.0	41.3	31.4	32	27
312	304.10	40.50	25	3740	22	0	0	1	1	185.8	0.0	0.0	42.0	31.9	32	27
313	304.23	40.50	25	3740	22	0	0	1	1	182.9	0.0	0.0	42.9	32.6	32	27
314	304.37	40.50	25	3740	22	0	0	1	1	180.2	0.0	0.0	43.8	33.2	32	27
315	304.50	40.50	25	3740	22	0	0	1	1	177.8	0.0	0.0	44.8	34.0	32	27
316	304.63	40.50	25	3740	22	0	0	1	1	175.7	0.0	0.0	45.9	34.9	32	27
317	304.77	40.50	25	3740	22	1	1	2	2	173.8	60.6	41.5	60.6	41.5	32	27
318	304.90	40.50	25	3740	22	1	1	2	2	172.2	74.1	41.2	74.1	41.2	32	27
319	305.03	40.50	25	3740	22	1	1	2	2	170.9	70.2	39.3	70.2	39.3	32	27
320	305.17	40.50	25	3740	21	1	1	2	2	169.8	66.9	38.4	66.9	39.0	32	27
321	305.30	40.50	25	3740	21	1	1	3	3	168.9	64.0	37.5	64.0	40.3	32	27
322	305.43	40.50	25	3740	21	1	1	3	3	168.3	61.4	36.8	61.4	41.6	32	27
323	305.57	40.50	25	3740	22	1	1	3	3	167.8	59.2	36.2	59.2	43.0	32	27
324	305.70	40.50	25	3740	22	1	1	3	3	167.6	57.2	35.6	58.7	44.5	32	27
325	305.83	40.50	25	3740	22	1	1	2	2	167.6	55.5	35.1	55.5	35.1	32	27
326	305.97	40.50	25	3740	22	1	1	2	2	167.7	54.1	34.6	54.1	34.6	32	27
327	306.10	40.50	25	3740	22	1	1	2	2	168.1	52.8	34.3	52.8	34.3	32	27
328	306.23	40.50	25	3740	22	1	1	2	2	168.5	51.7	33.9	51.7	33.9	32	27
329	306.37	40.50	25	3740	22	1	1	2	2	169.1	50.7	33.6	50.7	33.6	32	27
330	306.50	40.50	25	3740	23	1	1	2	2	169.8	49.9	33.4	49.9	33.4	32	27
331	306.63	40.50	25	3740	23	1	1	2	2	170.7	49.1	33.2	49.1	33.2	32	27
332	306.77	40.50	25	3740	23	1	1	2	2	171.7	48.5	33.0	48.5	33.0	32	27
333	306.90	40.50	25	3740	24	1	1	2	2	172.8	48.0	32.8	48.0	32.8	32	27
334	307.03	40.50	25	3740	24	1	1	2	2	174.1	47.5	32.7	47.5	32.7	32	27
335	307.17	40.50	25	3740	24	1	1	2	2	175.4	47.2	32.6	47.2	32.6	32	27
336	307.30	40.50	25	3740	24	1	1	2	2	176.9	47.1	32.5	47.1	32.5	32	27
337	307.43	40.50	25	3740	24	1	1	2	2	178.4	47.1	32.5	47.1	32.5	32	27
338	307.57	40.50	25	3740	24	1	1	2	2	180.1	47.0	32.5	47.0	32.5	32	27
339	307.70	40.50	25	3740	24	1	1	2	2	181.9	47.0	32.4	47.0	32.4	32	27
340	307.83	40.50	25	3740	24	1	1	2	2	183.8	47.0	32.5	47.0	32.5	32	27
341	307.97	40.50	25	3740	24	1	1	2	2	185.9	47.1	32.5	47.1	32.5	32	27
342	308.10	40.50	25	3740	24	1	1	2	2	188.1	47.1	32.5	47.1	32.5	32	27
343	308.23	40.50	25	3740	24	1	1	2	2	190.4	47.2	32.6	47.2	32.6	32	27
344	308.37	40.50	25	3740	24	1	1	2	2	192.9	47.3	32.6	47.3	32.6	32	27
345	308.50	40.50	25	3740	24	1	1	2	2	195.5	47.4	32.7	47.4	32.7	32	27
346	308.63	40.50	25	3740	24	1	1	2	2	198.4	47.6	32.8	47.6	32.8	32	27
347	308.77	40.50	25	3740	24	1	1	2	2	201.4	47.7	32.9	47.7	32.9	32	27
348	308.90	40.50	25	3740	24	1	1	2	2	204.7	47.9	33.1	47.9	33.1	32	27
349	309.03	40.50	25	3740	24	1	1	2	2	209.6	48.1	33.2	48.1	33.2	32	27
350	309.17	40.50	25	3740	24	1	1	2	2	216.8	48.4	33.4	48.4	33.4	32	27
351	309.30	40.50	25	3740	24	1	1	2	2	224.6	48.7	33.6	48.7	33.6	32	27
352	309.43	40.50	25	3740	24	1	1	2	2	233.2	49.0	33.8	49.0	33.8	32	27
353	309.57	40.50	25	3740	24	1	1	2	2	242.7	49.3	34.0	49.3	34.0	32	27
354	309.70	40.50	25	3740	24	1	1	2	2	253.4	49.8	34.3	49.8	34.3	32	27
355	309.83	40.50	25	3740	24	1	1	2	2	265.4	50.5	34.6	50.5	34.6	32	27
356	309.97	40.50	25	3740	23	1	1	2	2	278.9	51.3	34.9	51.3	34.9	32	27
357	310.10	40.50	25	3740	23	1	1	2	2	294.3	52.3	35.3	52.3	35.3	32	27
358	310.23	40.50	25	3740	23	1	1	2	2	311.9	53.3	35.7	53.3	35.7	32	27
359	310.37	40.50	25	3740	23	1	1	2	2	332.1	54.5	36.2	54.5	36.2	32	27
360	310.50	40.50	25	3740	23	1	1	2	2	348.5	55.9	36.7	55.9	36.7	32	27
361	310.63	40.50	25	3740	23	1	1	2	2	291.4	57.5	37.2	57.5	37.2	32	27
362	310.77	40.50	25	3740	23	1	1	2	2	305.3	59.2	37.9	59.2	37.9	32	27
363	310.90	40.50	25	3740	24	1	1	2	2	321.5	61.3	38.6	61.3	38.6	32	27
364	311.03	40.50	25	3740	23	1	1	2	2	340.3	63.6	39.4	63.6	39.4	32	27
365	311.17	40.50	25	3740	22	1	1	2	1	277.5	66.3	40.3	66.3	40.3	32	27
366	311.30	40.50	25	3740	22	1	1	1	1	289.0	69.4	41.9	69.4	41.9	32	27
367	311.43	40.50	25	3740	22	1	1	1	1	302.1	73.0	44.1	73.0	44.1	32	27
368	311.57	40.50	25	3740	23	1	1	1	1	317.2	77.2	46.8	77.2	46.8	32	27
369	311.70	40.50	25	3740	23	1	1	1	1	334.6	82.1	49.9	82.1	49.9	32	27
370	311.83	40.50	25	3740	22	1	0	1	0	310.6	67.6	0.0	67.6	0.0	32	27
371	311.97	40.50	25	3740	22	0	0	1	0	326.6	0.0	0.0	72.0	0.0	32	27
372	312.10	40.50	21	3740	23	0	0	1	1	345.0	0.0	0.0	70.3	53.2	28	24
373	312.23	40.50	22	3740	22	0	0	1	1	366.4	0.0	0.0	68.5	51.9	28	24
374	312.37	40.50	23	3740	22	0	0	1	1	391.5	0.0	0.0	67.0	50.7	28	24
375	312.50	40.50	24	3584	21	0	0	1	1	421.0	0.0	0.0	65.5	49.6	28	24
376	312.63	40.50	25	3584	20	0	0	1	1	456.1	0.0	0.0	64.2	48.6	28	24
377	312.77	40.50	25	3584	19	0	0	1	1	498.3	0.0	0.0	63.0	47.7	28	24
378	312.90	40.50	25	3584	17	0	0	1	1	350.1	0.0	0.0	61.9	46.9	28	24
379	313.03	40.50	25	3584	15	0	0	1	1	376.4	0.0	0.0	61.0	46.2	28	24
380	313.17	40.50	25	3584	16	0	0	1	1	407.1	0.0	0.0	60.1	45.6	28	24
381	313.30	40.50	25	3584	17	0	0	1	1	443.2	0.0	0.0	59.4	45.0	28	24
382	313.43	40.50	25	3584	18	0	0	1	1	388.0	0.0	0.0	58.7	44.5	28	24
383	313.57	40.50	25	3584	0	0	0	3	3	0.0	0.0	0.0	55.2	42.0	28	24
384	313.70	40.50	25	3584	0	0	0	3	3	0.0	0.0	0.0	56.5	43.0	28	24
385	313.83	40.50	25	3584	0	1	1	4	4	0.0	86.5	61.3	86.5	61.3	28	24
386	313.97	40.50	25	3584	0	1	1	4	4	0.0	78.8	55.7	78.8	55.7	28	24
387	314.10	40.50	25	3584	0	1	1	4	4	0.0	72.4	51.0	72.4	51.0	28	24
388	314.23	40.50	25	3584	0	1	1	4	4	0.0	67.0	47.1	67.0	48.8	28	24
389	314.37	40.50	25	3584	0	9	7	14	12	0.0	63.2	44.1	66.6	50.7	28	24
390	314.50	40.50	25	3732	0	17	14	22	19	0.0	61.1	42.7	69.6	53.0	29	25
391	314.63	40.50	25	3732	0	13	10	18	15	0.0	59.2	41.4	73.0	55.6	29	25
392	314.77	40.50	25	3732	0	10	8	15	13	0.0	57.6	40.3	76.9	58.6	29	25
393	314.90	40.50	25	3732	0	8	5	12	9	0.0	56.3	39.3	56.3	39.3	29	25
394	315.03	40.50	25	3732	0	1	1	4	4	0.0	55.1	38.5	55.1	38.5	29	25
395	315.17	40.50	25	3732	0	1	1	4	4	0.0	54.2	37.8	54.2	37.8	29	25
396	315.30	40.50	25	3732	0	1	1	4	4	0.0	53.4	37.3	53.4	37.3	29	25
397	315.43	40.50	25	3732	0	1	1	4	4	0.0	52.8	36.9	52.8	36.9	29	25
398	315.57	40.50	25	3732	0	2	1	5	4	0.0	52.3	36.6	52.3	36.6	29	25
399	315.70	40.50	25	3732	0	2	2	6	6	0.0	52.0	36.3	52.0	36.3	29	25
400	315.83	40.50	25	3732	0	2	2	6	6	0.0	51.8	36.2	51.8	36.2	29	25
401	315.97	40.50	25	3732	0	2	2	6	6	0.0	51.7	36.1	51.7	36.1	29	25
402	316.10	40.50	25	3732	0	2	2	6	6	0.0	51.7	36.1	51.7	36.1	29	25
403	316.23	40.50	25	3732	0	3	3	7	7	0.0	51.8	36.2	51.8	36.2	29	25
404	316.37	40.50	25	3732	0	3	3	6	6	0.0	52.3	37.6	52.3	37.6	29	25
405	316.50	40.50	25	3732	0	2	2	5	5	0.0	52.4	36.6	52.4	36.6	29	25
406	316.50	40.37	25	3732	0	9	7	13	11	0.0	65.6	44.2	70.8	53.9	29	25
407	316.50	40.23	25	3732	0	5	4	9	7	0.0	68.1	45.8	70.3	53.5	29	25
408	316.50	40.10	25	3732	0	2	1	5	4	0.0	71.1	47.8	71.1	53.1	29	25
409	316.50	39.97	25	3732	0	1	1	4	4	0.0	74.6	50.2	74.6	52.6	29	25
410	316.50	39.83	25	3732	0	1	1	4	4	0.0	78.9	53.0	78.9	53.0	29	25
411	316.50	39.70	25	3732	0	1	1	4	4	0.0	84.0	56.4	84.0	56.4	29	25
412	316.50	39.57	25	3732	0	1	1	4	4	0.0	90.2	60.6	90.2	60.6	29	25
413	316.50	39.43	25	3732	0	1	0	4	3	0.0	78.5	0.0	78.5	50.4	29	25
414	316.50	39.30	25	3732	0	0	0	3	3	0.0	0.0	0.0	65.5	49.8	29	25
415	316.50	39.17	25	3732	0	0	0	3	3	0.0	0.0	0.0	64.8	49.3	29	25
416	316.50	39.03	25	3732	0	0	0	3	3	0.0	0.0	0.0	64.1	48.8	29	25
417	316.50	38.90	25	3732	0	0	0	3	3	0.0	0.0	0.0	63.5	48.3	29	25
418	316.50	38.77	25	3732	0	1	0	4	3	0.0	36.9	0.0	63.0	47.9	29	25
419	316.50	38.63	25	3732	0	2	2	6	6	0.0	37.9	26.4	62.6	47.6	29	25
420	316.50	38.50	25	3732	0	2	2	5	5	0.0	39.3	28.1	62.3	47.3	29	25
421	316.50	38.37	25	3732	0	2	2	6	6	0.0	41.1	30.5	62.2	47.2	29	25
422	316.50	38.23	25	3732	0	2	2	6	6	0.0	43.3	33.7	62.1	47.1	29	25
423	316.50	38.10	25	3732	0	2	2	4	4	0.0	47.4	37.8	62.2	47.2	29	25
424	316.50	37.97	25	3732	1	1	1	3	3	104.2	48.9	35.2	62.5	47.4	29	25
425	316.50	37.83	25	3732	3	1	1	3	3	133.0	55.0	39.6	63.1	47.8	29	25
426	316.50	37.70	25	3732	4	0	0	2	2	185.8	0.0	0.0	63.8	48.4	29	25
427	316.50	37.57	25	3732	7	0	0	1	1	174.5	0.0	0.0	64.9	49.2	29	25
428	316.57	37.50	25	3732	10	0	0	1	1	245.9	0.0	0.0	65.9	50.0	29	25
429	316.70	37.50	25	3732	12	0	0	1	1	244.0	0.0	0.0	66.9	50.7	29	25
430	316.83	37.50	25	3732	12	0	0	1	1	242.0	0.0	0.0	67.9	51.5	29	25
431	316.97	37.50	25	3732	13	0	0	1	1	240.0	0.0	0.0	69.1	52.3	29	25
432	317.10	37.50	25	3732	13	0	0	1	1	238.0	0.0	0.0	70.4	53.3	29	25
433	317.23	37.50	25	3732	14	0	0	1	1	236.1	0.0	0.0	71.8	54.4	29	25
434	317.37	37.50	25	3732	15	0	0	1	1	234.3	0.0	0.0	73.4	55.6	29	25
435	317.50	37.50	25	3732	15	0	0	1	1	232.6	0.0	0.0	75.2	57.0	29	25
436	317.63	37.50	25	3732	16	0	0	1	1	231.1	0.0	0.0	77.2	58.5	29	25
437	317.77	37.50	25	3732	18	0	0	1	1	420.4	0.0	0.0	79.5	60.1	29	25
438	317.90	37.50	25	3732	18	0	0	1	1	417.5	0.0	0.0	82.0	62.0	29	25
439	318.03	37.50	25	3732	19	1	1	2	2	415.0	30.6	27.4	84.7	64.1	29	25
440	318.17	37.50	25	3732	19	1	1	2	2	413.0	36.9	25.7	87.8	66.4	29	25
441	318.30	37.50	25	3732	18	0	0	1	1	411.4	0.0	0.0	91.3	69.0	29	25
442	318.43	37.50	25	3732	18	0	0	1	1	410.4	0.0	0.0	95.3	71.9	29	25
443	318.57	37.50	25	3732	18	0	0	1	1	409.9	0.0	0.0	99.7	75.2	29	25
444	318.70	37.50	25	3732	18	0	0	0	0	410.0	0.0	0.0	0.0	0.0	29	25
445	318.83	37.50	25	3732	18	0	0	0	0	410.6	0.0	0.0	0.0	0.0	29	25
446	318.97	37.50	25	3732	18	0	0	0	0	411.8	0.0	0.0	0.0	0.0	29	25
447	319.10	37.50	25	3732	20	0	0	0	0	420.6	0.0	0.0	0.0	0.0	29	25
448	319.23	37.50	25	3732	20	0	0	0	0	425.6	0.0	0.0	0.0	0.0	29	25
449	319.37	37.50	25	3732	20	0	0	0	0	431.7	0.0	0.0	0.0	0.0	29	25
450	319.50	37.50	25	3732	21	0	0	0	0	439.0	0.0	0.0	0.0	0.0	29	25
451	319.63	37.50	25	3732	25	5	4	7	6	471.8	72.8	49.2	72.8	49.2	29	25
452	319.77	37.50	25	3732	27	5	4	7	6	461.8	67.1	45.3	67.1	45.3	29	25
453	319.90	37.50	25	3732	27	5	4	7	6	451.7	62.4	42.1	62.4	42.1	29	25
454	320.03	37.50	25	3732	27	5	4	7	6	441.5	58.4	39.3	58.4	39.3	29	25
455	320.17	37.50	25	3732	25	5	4	7	6	431.2	55.0	37.5	55.0	37.5	29	25
456	320.30	37.50	25	3732	24	5	4	7	6	420.8	53.4	36.5	53.4	36.5	29	25
457	320.43	37.50	25	3732	24	5	4	7	6	410.4	52.0	35.5	52.0	35.5	29	25
458	320.57	37.50	25	3732	23	5	4	7	6	399.9	50.7	34.7	50.7	34.7	29	25
459	320.70	37.50	25	3732	22	6	5	8	7	389.4	49.6	33.9	49.6	33.9	29	25
460	320.83	37.50	25	3732	21	6	5	8	7	382.3	48.9	33.4	48.9	33.4	29	25
461	320.97	37.50	25	3732	23	6	5	8	7	396.0	69.7	55.4	69.7	55.4	29	25
462	321.10	37.50	25	3732	23	6	5	8	7	409.9	97.3	71.3	97.3	71.3	29	25
463	321.23	37.50	25	3732	24	6	5	8	7	424.1	89.4	65.6	89.4	65.6	29	25
464	321.37	37.50	25	3732	20	6	5	8	7	438.5	82.8	60.8	82.8	60.8	29	25
465	321.50	37.50	25	3732	18	6	5	8	7	453.0	77.1	56.7	77.1	56.7	29	25
466	321.63	37.50	25	3732	17	6	5	8	7	467.6	72.3	53.2	72.3	53.2	29	25
467	321.77	37.50	25	3732	15	6	5	8	7	482.1	68.2	50.2	68.2	50.2	29	25
468	321.90	37.50	25	3732	13	6	5	8	7	496.4	64.6	47.7	64.6	47.7	29	25
469	322.03	37.50	25	3732	13	6	5	8	7	510.4	61.6	45.5	61.6	45.5	29	25
470	322.17	37.50	25	3732	13	6	5	8	7	524.0	65.7	47.4	65.7	47.4	29	25
471	322.30	37.50	25	3732	15	6	5	8	7	536.8	70.7	51.1	70.7	51.1	29	25
472	322.43	37.50	25	3732	16	6	5	8	7	548.7	68.7	55.4	68.7	55.4	29	25
473	322.50	37.57	25	3732	25	5	4	7	6	425.0	58.1	37.7	58.1	37.7	29	25
474	322.50	37.70	25	3732	24	5	4	7	6	456.8	60.7	39.2	60.7	39.2	29	25
475	322.50	37.83	25	3732	26	5	4	7	6	495.6	63.7	41.2	63.7	41.2	29	25
476	322.50	37.97	25	3732	24	5	4	7	6	464.4	67.4	43.5	67.4	43.5	29	25
477	322.50	38.10	25	3732	26	5	4	7	6	490.9	71.9	46.3	71.9	46.3	29	25
478	322.50	38.23	25	3732	25	5	4	7	6	521.9	77.3	49.7	77.3	49.7	29	25
479	322.50	38.37	25	3732	25	5	4	7	6	558.5	67.4	45.8	67.4	45.8	29	25
480	322.50	38.50	25	3732	25	4	3	6	5	602.1	61.3	34.3	61.3	34.3	29	25
481	322.50	38.63	25	3732	24	2	1	4	3	654.9	50.8	34.8	50.8	34.8	29	25
482	322.50	38.77	25	3732	24	1	1	3	2	719.5	51.6	35.4	51.6	35.4	29	25
483	322.50	38.90	25	3732	25	1	1	2	2	799.9	52.6	36.0	52.6	36.0	29	25
484	322.50	39.03	25	3732	24	1	1	2	2	769.3	53.9	36.9	53.9	36.9	29	25
485	322.50	39.17	25	3732	23	1	1	2	2	854.7	55.3	37.9	55.3	37.9	29	25
486	322.50	39.30	25	3732	23	1	1	2	2	944.9	57.1	39.1	57.1	39.1	29	25
487	322.50	39.43	25	3732	24	1	1	2	2	984.3	59.3	40.6	59.3	40.6	29	25
488	322.50	39.57	25	3732	22	1	1	2	2	1040.2	61.9	42.9	61.9	42.9	29	25
489	322.50	39.70	25	3732	22	1	1	1	1	1092.5	65.1	47.2	65.1	47.2	29	25
490	322.50	39.83	25	3732	23	1	1	2	2	1265.7	72.8	52.8	72.8	52.8	29	25
491	322.50	39.97	25	3732	23	1	1	2	2	1440.0	73.9	50.7	73.9	50.7	29	25
492	322.50	40.10	25	3732	22	0	0	1	1	1440.0	0.0	0.0	27.1	20.6	29	25
493	322.50	40.23	25	3732	20	0	0	0	0	540.2	0.0	0.0	0.0	0.0	29	25
494	322.50	40.37	25	3732	21	0	0	0	0	560.9	0.0	0.0	0.0	0.0	29	25
495	322.50	40.50	25	3732	21	0	0	0	0	582.5	0.0	0.0	0.0	0.0	29	25
496	322.63	40.50	25	3732	21	0	0	0	0	620.2	0.0	0.0	0.0	0.0	29	25
497	322.77	40.50	25	3732	22	0	0	0	0	664.5	0.0	0.0	0.0	0.0	29	25
498	322.90	40.50	25	3732	22	1	0	1	0	717.2	32.4	0.0	32.4	0.0	29	25
499	323.03	40.50	25	3732	21	1	1	1	1	780.7	34.1	23.5	34.1	23.5	29	25
500	323.17	40.50	25	3732	18	1	1	1	1	858.3	36.2	24.9	36.2	24.9	29	25
501	323.30	40.50	25	3732	18	1	1	1	1	921.2	38.5	26.4	38.5	26.4	29	25
502	323.43	40.50	25	3732	18	1	1	1	1	966.9	41.2	28.2	41.2	28.2	29	25
503	323.57	40.50	25	3732	17	0	0	0	0	1003.9	0.0	0.0	0.0	0.0	29	25
504	323.70	40.50	25	3732	17	0	0	0	0	1054.4	0.0	0.0	0.0	0.0	29	25
505	323.83	40.50	25	3732	16	0	0	0	0	1127.0	0.0	0.0	0.0	0.0	29	25
506	323.97	40.50	25	3732	16	0	0	0	0	1239.6	0.0	0.0	0.0	0.0	29	25
507	324.10	40.50	25	3732	15	0	0	0	0	1385.4	0.0	0.0	0.0	0.0	29	25
508	324.23	40.50	25	3732	13	0	0	0	0	464.7	0.0	0.0	0.0	0.0	29	25
509	324.37	40.50	25	3732	13	0	0	0	0	494.5	0.0	0.0	0.0	0.0	29	25
510	324.50	40.50	25	3732	12	0	0	1	0	528.4	0.0	0.0	113.8	0.0	29	25
511	324.63	40.50	25	3732	11	0	0	1	0	566.9	0.0	0.0	111.7	0.0	29	25
512	324.77	40.50	25	3732	11	0	0	1	1	610.8	0.0	0.0	109.7	82.7	29	25
513	324.90	40.50	25	3732	9	0	0	1	1	661.4	0.0	0.0	109.9	81.4	29	25
514	325.03	40.50	25	3732	9	0	0	1	1	719.9	0.0	0.0	106.6	80.3	29	25
515	325.17	40.50	25	3732	7	0	0	1	1	788.2	0.0	0.0	105.2	79.4	29	25
516	325.30	40.50	25	3732	6	0	0	1	1	868.7	0.0	0.0	104.0	78.5	29	25
517	325.43	40.50	25	3732	6	0	0	1	1	940.9	0.0	0.0	103.1	77.9	29	25
518	325.57	40.50	25	3732	3	0	0	1	1	221.1	0.0	0.0	102.3	77.3	29	25
519	325.70	40.50	25	3732	3	0	0	1	1	228.2	0.0	0.0	101.8	76.9	29	25
520	325.83	40.50	25	3732	3	0	0	1	1	235.5	0.0	0.0	101.2	76.5	29	25
521	325.97	40.50	25	3732	3	0	0	1	1	243.1	0.0	0.0	101.0	76.3	29	25
522	326.10	40.50	25	3732	3	0	0	1	1	250.9	0.0	0.0	100.6	76.1	29	25
523	326.23	40.50	25	3732	3	0	0	1	1	258.9	0.0	0.0	100.6	76.0	29	25
524	326.37	40.50	25	3732	3	0	0	1	1	267.1	0.0	0.0	100.5	75.9	29	25
525	326.50	40.50	25	3732	3	0	0	1	1	275.5	0.0	0.0	100.5	76.0	29	25
526	326.63	40.50	25	3732	3	0	0	1	1	284.0	0.0	0.0	100.7	76.1	29	25
527	326.77	40.50	25	3732	3	0	0	1	1	290.4	0.0	0.0	100.7	76.1	29	25
528	326.90	40.50	25	3732	3	0	0	1	1	298.3	0.0	0.0	101.0	76.3	29	25
529	327.03	40.50	25	3732	3	0	0	1	1	307.5	0.0	0.0	101.5	76.7	29	25
530	327.17	40.50	25	3732	3	0	0	1	1	318.3	0.0	0.0	102.3	77.3	29	25
531	327.30	40.50	25	3732	3	0	0	1	1	328.6	0.0	0.0	102.9	77.8	29	25
532	327.43	40.50	25	3732	3	0	0	1	1	337.8	0.0	0.0	103.7	78.4	29	25
533	327.57	40.50	25	3732	3	0	0	1	1	347.1	0.0	0.0	104.5	79.0	29	25
534	327.70	40.50	25	3732	3	0	0	1	1	356.4	0.0	0.0	105.4	79.7	29	25
535	327.83	40.50	25	3732	3	0	0	1	1	365.8	0.0	0.0	106.5	80.5	29	25
536	327.97	40.50	25	3732	3	0	0	1	1	375.2	0.0	0.0	107.9	81.4	29	25
537	328.10	40.50	25	3732	3	0	0	1	1	384.6	0.0	0.0	109.0	82.4	29	25
538	328.23	40.50	25	3732	3	0	0	2	2	394.0	0.0	0.0	110.5	83.5	29	25
539	328.37	40.50	25	3732	3	0	0	2	2	403.5	0.0	0.0	112.2	84.7	29	25
540	328.50	40.50	25	3732	3	0	0	2	2	412.9	0.0	0.0	114.0	86.1	29	25
541	328.63	40.50	25	3732	3	0	0	2	1	422.4	0.0	0.0	116.1	87.6	29	25
542	328.77	40.50	25	3732	3	0	0	1	1	431.8	0.0	0.0	118.4	89.4	29	25
543	328.90	40.50	25	3732	3	0	0	1	1	441.3	0.0	0.0	120.9	91.3	29	25
544	329.03	40.50	25	3732	3	0	0	1	0	450.9	0.0	0.0	123.8	0.0	29	25
545	329.17	40.50	25	3732	3	0	0	1	0	460.5	0.0	0.0	127.2	0.0	29	25
546	329.30	40.50	25	3732	3	0	0	0	0	470.2	0.0	0.0	0.0	0.0	29	25
547	329.43	40.50	25	3732	3	0	0	0	0	480.0	0.0	0.0	0.0	0.0	29	25
548	329.57	40.50	25	3732	3	0	0	0	0	489.9	0.0	0.0	0.0	0.0	29	25
549	329.70	40.50	25	3732	3	0	0	0	0	491.8	0.0	0.0	0.0	0.0	29	25
550	329.83	40.50	25	3732	3	0	0	0	0	503.2	0.0	0.0	0.0	0.0	29	25
551	329.97	40.50	25	3732	3	0	0	0	0	537.1	0.0	0.0	0.0	0.0	29	25
552	330.10	40.50	25	3732	3	0	0	0	0	555.4	0.0	0.0	0.0	0.0	29	25
553	330.23	40.50	25	3732	3	0	0	0	0	572.0	0.0	0.0	0.0	0.0	29	25
554	330.37	40.50	25	3732	4	0	0	0	0	556.2	0.0	0.0	0.0	0.0	29	25
555	330.50	40.50	25	3732	5	0	0	0	0	569.2	0.0	0.0	0.0	0.0	29	25
556	330.63	40.50	25	3732	5	0	0	0	0	582.9	0.0	0.0	0.0	0.0	29	25
557	330.77	40.50	25	3732	5	0	0	0	0	597.7	0.0	0.0	0.0	0.0	29	25
558	330.90	40.50	25	3732	6	0	0	0	0	613.6	0.0	0.0	0.0	0.0	29	25
559	331.03	40.50	25	3732	7	0	0	0	0	630.9	0.0	0.0	0.0	0.0	29	25
560	331.17	40.50	25	3732	8	0	0	0	0	649.8	0.0	0.0	0.0	0.0	29	25
561	331.30	40.50	25	3732	9	0	0	0	0	670.5	0.0	0.0	0.0	0.0	29	25
562	331.43	40.50	25	3732	10	0	0	0	0	693.2	0.0	0.0	0.0	0.0	29	25
563	331.57	40.50	25	3732	12	0	0	0	0	718.4	0.0	0.0	0.0	0.0	29	25
564	331.70	40.50	25	3732	13	0	0	1	1	746.3	0.0	0.0	26.6	20.2	29	25
565	331.83	40.50	25	3732	13	0	0	1	1	777.4	0.0	0.0	26.8	20.4	29	25
566	331.97	40.50	25	3732	14	0	0	1	1	812.2	0.0	0.0	27.1	20.6	29	25
567	332.10	40.50	25	3732	15	0	0	1	1	851.2	0.0	0.0	27.4	20.8	29	25
568	332.23	40.50	25	3732	15	0	0	1	1	895.2	0.0	0.0	27.7	21.1	29	25
569	332.37	40.50	25	3732	15	1	1	2	2	936.4	31.5	24.5	31.5	24.5	29	25
570	332.50	40.50	25	3732	16	1	1	2	2	949.3	43.7	27.6	43.7	27.6	29	25
571	332.63	40.50	25	3732	16	1	1	2	2	964.1	41.3	26.1	41.3	26.1	29	25
572	332.77	40.50	25	3732	16	1	1	2	2	952.0	39.2	24.7	39.2	24.7	29	25
573	332.90	40.50	25	3732	16	1	1	2	2	982.4	37.4	23.6	37.4	23.6	29	25
574	333.03	40.50	25	3732	16	1	1	2	2	1010.7	35.9	22.6	35.9	23.2	29	25
575	333.17	40.50	25	3732	17	1	1	2	2	1053.8	34.6	21.7	34.6	23.6	29	25
576	333.30	40.50	25	3732	19	1	1	2	2	1071.3	33.3	21.1	33.3	24.1	29	25
577	333.43	40.50	25	3732	19	1	1	2	2	1123.1	32.3	20.8	32.3	24.5	29	25
578	333.57	40.50	25	3732	19	1	1	2	2	1136.3	31.4	20.5	32.8	25.0	29	25
579	333.70	40.50	25	3732	20	1	1	2	2	1235.2	30.6	20.3	33.4	25.4	29	25
580	333.83	40.50	25	3732	20	1	1	2	2	1318.2	29.9	20.1	34.1	25.9	29	25
581	333.97	40.50	25	3732	20	1	1	2	2	1375.7	29.3	19.9	34.7	26.4	29	25
582	334.10	40.50	25	3732	20	1	1	2	2	1440.0	28.7	19.8	35.4	26.9	29	25
583	334.23	40.50	25	3732	20	1	1	2	2	1440.0	28.3	19.6	36.0	27.4	29	25
584	334.37	40.50	25	3732	20	1	1	2	2	1440.0	27.9	19.5	36.6	27.8	29	25
585	334.50	40.50	25	3732	20	1	1	2	2	1440.0	27.5	19.4	37.2	28.3	29	25
586	334.63	40.50	25	3732	20	1	1	2	2	1440.0	27.2	19.4	37.8	28.8	29	25
587	334.77	40.50	25	3732	20	1	1	2	2	99999.0	27.0	19.3	38.4	29.2	29	25
588	334.90	40.50	25	3732	19	1	1	2	2	629.5	26.8	19.3	39.0	29.6	29	25
589	335.03	40.50	25	3732	19	1	1	2	2	659.9	26.6	19.2	39.5	30.0	29	25
590	335.17	40.50	25	3732	19	1	1	2	2	693.2	26.5	19.2	40.0	30.4	29	25
591	335.30	40.50	25	3732	19	1	1	2	2	729.8	26.3	19.2	40.4	30.7	29	25
592	335.43	40.50	25	3732	19	1	1	2	2	770.3	26.3	19.2	40.8	31.0	29	25
593	335.57	40.50	25	3732	19	1	1	2	2	815.6	26.2	19.2	41.2	31.3	29	25
594	335.70	40.50	25	3732	19	1	1	2	2	866.5	26.2	19.2	41.5	31.6	29	25
595	335.83	40.50	25	3732	19	1	1	2	2	914.8	26.2	19.2	41.8	31.8	29	25
596	335.97	40.50	25	3732	19	1	1	2	2	946.9	26.2	19.3	42.0	32.0	29	25
597	336.10	40.50	21	3732	19	1	1	2	2	964.6	26.2	19.3	42.2	32.1	10	9
598	336.23	40.50	22	3732	19	1	1	2	2	985.5	26.3	19.4	42.4	32.2	10	9
599	336.37	40.50	23	3732	19	1	1	2	2	1010.7	26.4	19.4	42.4	32.3	10	9
600	336.50	40.50	24	3372	19	1	1	2	2	1062.0	26.5	19.5	42.5	32.3	11	10
601	336.63	40.50	25	3372	19	1	1	2	2	1080.3	26.7	19.6	42.4	32.3	11	10
602	336.77	40.50	25	3372	19	1	1	2	2	1130.9	26.9	19.7	42.4	32.2	11	10
603	336.90	40.50	25	3372	19	1	1	2	2	1199.4	27.1	19.8	42.2	32.1	11	10
604	337.03	40.50	25	3372	19	1	1	2	2	1298.0	27.4	19.9	42.1	32.0	11	10
605	337.17	40.50	25	3372	19	1	1	2	2	1440.0	27.7	20.0	41.9	31.8	11	10
606	337.30	40.50	25	3372	19	1	1	2	2	1440.0	28.0	20.2	41.6	31.6	11	10
607	337.43	40.50	25	3372	19	1	1	2	2	1440.0	28.4	20.4	41.3	31.4	11	10
608	337.57	40.50	25	3372	19	1	1	2	2	1440.0	28.9	20.5	41.0	31.2	11	10
609	337.70	40.50	25	3372	18	1	1	2	2	99999.0	29.4	20.8	40.6	30.9	11	10
610	337.83	40.50	25	3372	16	1	1	2	2	718.5	30.0	21.0	40.2	30.6	11	10
611	337.97	40.50	25	3372	16	1	1	2	2	771.2	30.7	21.3	39.8	30.3	11	10
612	338.10	40.50	25	3372	16	1	1	2	2	834.4	31.5	21.6	39.4	29.9	11	10
613	338.23	40.50	25	3372	15	1	1	2	2	219.3	32.4	21.9	38.9	29.6	11	10
614	338.37	40.50	25	3372	13	1	1	2	2	227.4	33.4	22.3	38.4	29.2	11	10
615	338.50	40.50	25	3523	12	1	1	2	2	236.6	34.6	22.7	38.0	28.9	12	11
616	338.63	40.50	25	3523	11	1	1	2	2	151.3	36.0	23.1	37.5	28.5	12	11
617	338.77	40.50	25	3523	11	1	1	2	2	156.5	37.6	23.7	37.6	28.1	12	11
618	338.90	40.50	25	3523	11	1	1	2	2	162.3	39.4	24.2	39.4	27.8	12	11
619	339.03	40.50	25	3523	11	1	1	2	2	169.0	41.5	24.9	41.5	27.4	12	11
620	339.17	40.50	25	3523	9	1	1	2	2	127.5	44.0	25.7	44.0	27.1	12	11
621	339.30	40.50	25	3523	9	1	1	2	2	136.2	34.1	26.5	35.2	26.8	12	11
622	339.43	40.50	25	3523	9	0	0	1	1	146.3	0.0	0.0	34.8	26.5	12	11
623	339.57	40.50	25	3523	8	0	0	1	1	158.2	0.0	0.0	34.5	26.2	12	11
624	339.70	40.50	25	3523	8	0	0	1	1	138.6	0.0	0.0	34.1	25.9	12	11
625	339.83	40.50	25	3523	6	0	0	1	1	117.3	0.0	0.0	33.8	25.7	12	11
626	339.97	40.50	25	3523	5	0	0	1	1	126.8	0.0	0.0	33.5	25.5	12	11
627	340.10	40.50	25	3523	4	0	0	1	1	123.2	0.0	0.0	33.3	25.3	12	11
628	340.23	40.50	25	3523	4	0	0	1	1	129.2	0.0	0.0	33.1	25.2	12	11
629	340.37	40.50	25	3523	2	0	0	1	1	90.5	0.0	0.0	33.0	25.1	12	11
630	340.50	40.50	25	3523	2	0	0	1	1	96.3	0.0	0.0	32.9	25.0	12	11
631	340.63	40.50	25	3523	0	0	0	1	1	0.0	0.0	0.0	40.9	31.1	12	11
632	340.77	40.50	25	3523	0	0	0	2	2	0.0	0.0	0.0	42.9	32.6	12	11
633	340.90	40.50	25	3523	0	1	1	3	3	0.0	53.2	38.7	53.2	38.7	12	11
634	341.03	40.50	25	3523	0	1	1	2	2	0.0	47.9	34.8	47.9	34.8	12	11
635	341.17	40.50	25	3523	0	2	2	3	3	0.0	46.9	32.9	46.9	32.9	12	11
636	341.30	40.50	25	3523	0	2	2	3	3	0.0	42.4	29.7	42.4	29.7	12	11
637	341.43	40.50	25	3523	0	2	2	5	5	0.0	39.4	27.1	39.4	27.1	12	11
638	341.57	40.50	25	3523	0	1	1	4	3	0.0	38.1	26.2	109.1	26.2	12	11
639	341.70	40.50	25	3523	0	1	0	4	3	0.0	36.9	0.0	107.3	78.2	12	11
640	341.83	40.50	25	3523	0	0	0	3	3	0.0	0.0	0.0	97.0	73.9	12	11
641	341.97	40.50	25	3523	0	0	0	3	3	0.0	0.0	0.0	92.2	70.3	12	11
642	342.10	40.50	25	3523	0	0	0	3	3	0.0	0.0	0.0	88.1	67.2	12	11
643	342.23	40.50	25	3523	0	0	0	3	3	0.0	0.0	0.0	84.5	64.4	12	11
644	342.37	40.50	25	3523	0	1	0	4	3	0.0	50.5	0.0	81.7	62.0	12	11
645	342.50	40.50	25	3523	0	1	1	2	2	0.0	60.5	33.3	79.2	60.0	12	11
646	342.63	40.50	25	3523	0	1	1	2	2	0.0	54.6	31.6	77.1	58.2	12	11
647	342.77	40.50	25	3523	0	1	1	3	3	0.0	49.8	30.1	75.1	56.7	12	11
648	342.90	40.50	25	3523	0	1	1	3	3	0.0	45.9	28.9	73.6	55.4	12	11
649	343.03	40.50	25	3523	0	1	1	3	3	0.0	42.7	27.8	72.2	54.2	12	11
650	343.17	40.50	25	3523	0	1	1	3	3	0.0	40.1	26.9	71.1	53.3	12	11
651	343.30	40.50	25	3523	0	1	1	3	3	0.0	38.0	26.2	70.2	52.5	12	11
652	343.43	40.50	25	3523	0	0	0	2	2	0.0	0.0	0.0	69.4	51.8	12	11
653	343.50	40.43	25	3523	0	0	0	2	1	0.0	0.0	0.0	69.3	51.7	12	11
654	343.50	40.30	25	3523	0	0	0	2	1	0.0	0.0	0.0	69.7	52.0	12	11
655	343.50	40.17	25	3523	0	0	0	2	1	0.0	0.0	0.0	70.2	52.3	12	11
656	343.50	40.03	25	3523	0	0	0	2	1	0.0	0.0	0.0	70.6	52.6	12	11
657	343.50	39.90	25	3523	0	0	0	2	1	0.0	0.0	0.0	71.0	52.9	12	11
658	343.50	39.77	25	3523	0	0	0	2	1	0.0	0.0	0.0	71.5	53.2	12	11
659	343.50	39.63	25	3523	0	0	0	2	1	0.0	0.0	0.0	72.0	53.6	12	11
660	343.50	39.50	25	3523	0	0	0	2	2	0.0	0.0	0.0	72.4	53.9	12	11
661	343.50	39.37	25	3523	0	0	0	2	2	0.0	0.0	0.0	72.9	54.2	12	11
662	343.50	39.23	25	3523	0	0	0	2	2	0.0	0.0	0.0	73.5	54.6	12	11
663	343.50	39.10	25	3523	0	1	1	3	3	0.0	36.8	25.7	73.9	55.0	12	11
664	343.50	38.97	25	3523	0	1	1	3	3	0.0	36.9	25.8	74.5	55.4	12	11
665	343.50	38.83	25	3523	0	1	1	3	3	0.0	37.1	25.9	75.1	55.8	12	11
666	343.50	38.70	25	3523	0	1	1	3	3	0.0	37.3	26.0	75.6	56.3	12	11
667	343.50	38.57	25	3523	0	1	1	3	3	0.0	37.5	26.2	76.3	56.8	12	11
668	343.50	38.43	25	3523	0	1	1	3	3	0.0	37.7	26.4	76.9	57.2	12	11
669	343.50	38.30	25	3523	0	1	1	3	3	0.0	38.0	26.5	77.6	57.7	12	11
670	343.50	38.17	25	3523	0	1	1	3	3	0.0	38.4	26.8	78.4	58.4	12	11
671	343.50	38.03	25	3523	0	1	1	3	3	0.0	39.0	27.0	79.1	58.9	12	11
672	343.50	37.90	25	3523	0	1	1	3	3	0.0	39.7	27.2	80.0	59.6	12	11
673	343.50	37.77	25	3523	0	1	1	3	3	0.0	40.4	27.5	80.9	60.3	12	11
674	343.50	37.63	25	3523	0	1	1	3	3	0.0	41.3	27.8	82.0	61.1	12	11
675	343.50	37.50	25	3523	0	1	1	3	3	0.0	42.2	28.2	83.1	62.0	12	11
676	343.50	37.37	25	3523	0	2	2	3	3	0.0	49.2	33.2	49.2	33.2	12	11
677	343.50	37.23	25	3523	0	2	2	3	3	0.0	50.8	35.3	50.8	35.3	12	11
678	343.50	37.10	25	3523	0	1	1	2	2	0.0	55.7	38.7	55.7	38.7	12	11
679	343.50	36.97	25	3523	0	0	0	1	1	0.0	0.0	0.0	33.9	25.8	12	11
680	343.50	36.83	25	3523	0	0	0	1	1	0.0	0.0	0.0	37.1	27.3	12	11
681	343.50	36.70	25	3523	0	0	0	1	1	0.0	0.0	0.0	51.0	38.8	12	11
682	343.50	36.57	25	3523	0	0	0	1	1	0.0	0.0	0.0	48.5	36.9	12	11
683	343.50	36.43	25	3523	0	0	0	1	1	0.0	0.0	0.0	46.3	35.2	12	11
684	343.50	36.30	25	3523	0	0	0	1	1	0.0	0.0	0.0	44.3	33.7	12	11
685	343.50	36.17	25	3523	0	0	0	1	1	0.0	0.0	0.0	42.6	32.4	12	11
686	343.50	36.03	25	3523	0	0	0	1	1	0.0	0.0	0.0	41.1	31.2	12	11
687	343.50	35.90	25	3523	0	0	0	1	1	0.0	0.0	0.0	39.8	30.2	12	11
688	343.50	35.77	25	3523	0	0	0	1	1	0.0	0.0	0.0	38.7	29.4	12	11
689	343.50	35.63	25	3523	0	0	0	1	1	0.0	0.0	0.0	37.8	28.7	12	11
690	343.50	35.50	25	3523	0	0	0	1	1	0.0	0.0	0.0	37.1	28.2	12	11
691	343.50	35.37	25	3523	0	0	0	1	1	0.0	0.0	0.0	36.5	27.8	12	11
692	343.50	35.23	25	3523	0	0	0	1	1	0.0	0.0	0.0	36.2	27.5	12	11
693	343.50	35.10	25	3523	0	0	0	1	1	0.0	0.0	0.0	36.0	27.4	12	11
694	343.50	34.97	25	3523	0	0	0	1	1	0.0	0.0	0.0	36.1	27.4	12	11
695	343.50	34.83	25	3523	0	0	0	1	1	0.0	0.0	0.0	36.3	27.6	12	11
696	343.50	34.70	25	3523	2	0	0	1	1	82.8	0.0	0.0	36.8	27.9	12	11
697	343.50	34.57	25	3523	2	0	0	1	1	83.4	0.0	0.0	37.4	28.4	12	11
698	343.57	34.50	25	3523	20	0	0	0	0	133.4	0.0	0.0	0.0	0.0	12	11
699	343.70	34.50	25	3523	20	0	0	0	0	129.0	0.0	0.0	0.0	0.0	12	11
700	343.83	34.50	25	3523	21	1	1	1	1	125.1	70.4	47.7	70.4	47.7	12	11
701	343.97	34.50	25	3523	23	1	1	1	1	177.7	64.1	43.4	64.1	43.4	12	11
702	344.10	34.50	25	3523	23	1	1	1	1	169.5	58.9	39.8	58.9	39.8	12	11
703	344.23	34.50	25	3523	25	1	1	2	2	234.4	54.6	36.8	54.6	36.8	12	11
704	344.37	34.50	25	3523	25	1	1	2	2	222.4	51.0	34.8	51.0	34.8	12	11
705	344.50	34.50	25	3523	25	1	1	2	2	211.7	49.2	33.6	49.2	33.6	12	11
706	344.63	34.50	25	3523	26	1	1	3	3	202.2	47.7	32.7	47.7	32.7	12	11
707	344.77	34.50	25	3523	27	4	3	6	5	221.5	51.0	31.8	51.0	31.8	12	11
708	344.90	34.50	25	3523	27	5	4	7	6	208.3	46.3	31.7	46.3	31.7	12	11
709	345.03	34.50	25	3523	28	6	5	8	7	213.2	56.0	30.5	56.0	30.5	12	11
710	345.17	34.50	25	3523	28	6	5	8	7	198.0	51.1	30.0	51.1	30.0	12	11
711	345.30	34.50	25	3523	29	6	5	8	6	181.3	47.0	29.6	47.0	29.6	12	11
712	345.43	34.50	25	3523	29	3	3	4	4	174.4	43.6	29.3	43.6	29.3	12	11
713	345.57	34.50	25	3523	27	3	3	4	4	168.2	42.3	29.0	42.3	29.0	12	11
714	345.70	34.50	25	3523	27	2	2	3	3	162.7	42.0	28.8	42.0	28.8	12	11
715	345.83	34.50	25	3523	25	2	2	3	3	157.7	41.8	28.7	41.8	28.7	12	11
716	345.97	34.50	25	3523	27	3	3	4	4	153.2	52.2	43.7	52.2	43.7	12	11
717	346.10	34.50	25	3523	28	3	3	4	4	149.3	47.5	39.7	47.5	39.7	12	11
718	346.23	34.50	25	3523	29	2	2	3	3	145.7	43.6	36.5	43.6	36.5	12	11
719	346.37	34.50	25	3523	28	2	2	3	3	145.2	42.1	33.8	42.1	33.8	12	11
720	346.50	34.50	25	3523	27	2	2	3	3	156.3	42.3	31.6	42.3	31.6	12	11
721	346.50	34.63	25	3523	27	2	2	3	3	158.3	42.5	31.7	42.5	31.7	12	11
722	346.50	34.77	25	3523	27	2	2	3	3	160.1	42.6	31.8	42.6	31.8	12	11
723	346.50	34.90	25	3523	27	2	2	3	3	161.5	42.7	32.0	42.7	32.0	12	11
724	346.50	35.03	25	3523	27	2	2	3	3	162.5	42.8	32.2	42.8	32.2	12	11
725	346.50	35.17	25	3523	27	2	2	3	3	163.3	42.9	32.5	42.9	32.5	12	11
726	346.50	35.30	25	3523	27	2	2	3	3	163.7	43.0	32.8	43.0	32.8	12	11
727	346.50	35.43	25	3523	27	2	2	3	3	163.8	43.1	33.2	43.1	33.2	12	11
728	346.50	35.57	25	3523	27	2	2	3	3	163.6	43.2	33.7	43.2	33.7	12	11
729	346.50	35.70	25	3523	27	2	2	3	3	163.0	43.3	34.2	43.3	34.2	12	11
730	346.50	35.83	25	3523	27	2	2	3	3	162.1	43.3	34.8	43.3	34.8	12	11
731	346.50	35.97	25	3523	27	2	2	3	3	161.0	43.4	35.5	43.4	35.5	12	11
732	346.50	36.10	25	3523	28	2	2	3	3	162.5	43.5	36.3	43.5	36.3	12	11
733	346.50	36.23	25	3523	28	2	2	3	3	165.5	43.8	37.2	43.8	37.2	12	11
734	346.50	36.37	25	3523	28	2	2	3	3	168.7	45.0	38.3	45.0	38.3	12	11
735	346.50	36.50	25	3523	26	2	2	3	3	172.2	46.3	39.5	46.3	39.5	12	11
736	346.50	36.63	25	3523	25	2	2	3	3	176.0	47.9	40.8	47.9	40.8	12	11
737	346.50	36.77	25	3523	24	2	2	3	3	180.3	49.6	42.4	49.6	42.4	12	11
738	346.50	36.90	25	3523	24	3	3	4	4	185.0	51.7	44.2	51.7	44.2	12	11
739	346.50	37.03	25	3523	23	3	3	4	4	190.3	54.0	46.3	54.0	46.3	12	11
740	346.50	37.17	25	3523	23	3	2	4	3	196.2	44.2	30.3	44.2	30.3	12	11
741	346.50	37.30	25	3523	24	2	2	3	3	202.8	44.4	30.4	44.4	30.4	12	11
742	346.50	37.43	25	3523	23	2	2	3	3	210.3	44.6	30.6	44.6	30.6	12	11
743	346.50	37.57	25	3523	24	3	2	4	3	218.9	44.8	30.7	44.8	30.7	12	11
744	346.50	37.70	25	3523	25	3	3	4	4	228.6	45.1	30.9	45.1	30.9	12	11
745	346.50	37.83	25	3523	24	4	3	5	4	228.7	45.4	31.1	45.4	31.1	12	11
746	346.50	37.97	25	3523	25	6	4	7	5	247.6	45.7	31.3	45.7	31.3	12	11
747	346.50	38.10	25	3523	25	6	5	8	7	270.1	46.2	31.6	46.2	31.6	12	11
748	346.50	38.23	25	3523	25	6	5	8	7	255.2	48.5	31.9	48.5	31.9	12	11
749	346.50	38.37	25	3523	25	6	5	8	7	270.5	51.2	32.3	51.2	32.3	12	11
750	346.50	38.50	25	3523	27	6	5	8	7	288.4	54.4	32.7	54.4	32.7	12	11
751	346.50	38.63	25	3523	25	6	5	8	7	192.1	58.0	33.2	58.0	33.2	12	11
752	346.50	38.77	25	3523	25	6	5	8	7	201.3	62.1	33.7	62.1	33.7	12	11
753	346.50	38.90	25	3523	25	5	4	7	6	211.6	50.1	34.2	50.1	34.2	12	11
754	346.50	39.03	25	3523	25	6	5	8	7	223.6	53.5	34.9	53.5	34.9	12	11
755	346.50	39.17	25	3523	25	3	3	5	5	237.2	52.1	35.6	52.1	35.6	12	11
756	346.50	39.30	25	3523	24	3	3	4	4	164.8	53.4	36.4	53.4	36.4	12	11
757	346.50	39.43	25	3523	23	3	3	4	4	170.5	55.8	37.3	55.8	37.3	12	11
758	346.50	39.57	25	3523	23	2	2	3	3	176.7	58.5	38.2	58.5	38.2	12	11
759	346.50	39.70	25	3523	23	2	2	3	3	183.5	61.4	39.2	61.4	39.2	12	11
760	346.50	39.83	25	3523	22	2	2	3	3	190.9	64.7	40.6	64.7	40.6	12	11
761	346.50	39.97	25	3523	22	2	2	2	2	198.9	68.2	42.8	68.2	42.8	12	11
762	346.50	40.10	25	3523	22	2	2	2	2	207.6	72.1	45.2	72.1	45.2	12	11
763	346.50	40.23	25	3523	22	2	2	2	2	217.0	76.3	47.7	76.3	47.7	12	11
764	346.50	40.37	25	3523	22	2	2	2	2	227.1	80.9	50.5	80.9	50.5	12	11
765	346.50	40.50	25	3523	21	2	2	2	2	238.0	69.0	53.4	69.0	53.4	12	11
766	346.50	40.63	25	3523	8	1	1	2	2	198.6	42.9	27.8	49.9	37.9	12	11
767	346.50	40.77	25	3523	8	0	0	1	1	158.1	0.0	0.0	48.1	36.6	12	11
768	346.50	40.90	25	3523	7	0	0	1	1	167.7	0.0	0.0	46.5	35.3	12	11
769	346.50	41.03	25	3523	5	0	0	1	1	91.2	0.0	0.0	45.1	34.3	12	11
770	346.50	41.17	25	3523	4	0	0	1	1	94.0	0.0	0.0	43.9	33.3	12	11
771	346.50	41.30	25	3523	3	0	0	1	1	97.2	0.0	0.0	42.8	32.5	12	11
772	346.50	41.43	25	3523	2	0	0	1	1	101.6	0.0	0.0	41.8	31.8	12	11
773	346.50	41.57	25	3523	2	0	0	1	1	110.1	0.0	0.0	41.0	31.1	12	11
774	346.50	41.70	25	3523	2	1	1	2	2	120.0	23.3	20.4	40.2	30.5	12	11
775	346.50	41.83	25	3523	2	1	1	2	2	114.1	25.3	22.1	39.5	30.0	12	11
776	346.50	41.97	25	3523	0	1	1	2	2	0.0	27.3	23.8	38.6	29.3	12	11
777	346.50	42.10	25	3523	0	0	0	1	1	0.0	0.0	0.0	38.4	29.2	12	11
778	346.50	42.23	25	3523	0	0	0	1	1	0.0	0.0	0.0	38.1	29.0	12	11
779	346.50	42.37	25	3523	0	0	0	1	1	0.0	0.0	0.0	37.9	28.8	12	11
780	346.50	42.50	25	3523	0	0	0	1	1	0.0	0.0	0.0	37.6	28.6	12	11
781	346.50	42.63	25	3523	0	0	0	1	1	0.0	0.0	0.0	37.4	28.5	12	11
782	346.50	42.77	25	3523	0	0	0	1	1	0.0	0.0	0.0	37.3	28.4	12	11
783	346.50	42.90	25	3523	0	0	0	1	1	0.0	0.0	0.0	37.3	28.4	12	11
784	346.50	43.03	25	3523	0	1	1	2	2	0.0	20.5	17.9	37.3	28.4	12	11
785	346.50	43.17	25	3523	0	1	1	2	2	0.0	22.1	19.3	37.4	28.4	12	11
786	346.50	43.30	25	3523	0	1	1	2	2	0.0	14.9	11.0	37.6	28.6	12	11
787	346.50	43.43	25	3523	0	0	0	1	1	0.0	0.0	0.0	37.8	28.7	12	11
788	346.57	43.50	25	3523	0	0	0	1	1	0.0	0.0	0.0	37.9	28.8	12	11
789	346.70	43.50	25	3523	0	0	0	1	1	0.0	0.0	0.0	38.0	28.9	12	11
790	346.83	43.50	25	3523	0	0	0	1	1	0.0	0.0	0.0	38.1	29.0	12	11
791	346.97	43.50	25	3523	0	0	0	1	1	0.0	0.0	0.0	38.2	29.1	12	11
792	347.10	43.50	25	3523	0	0	0	1	1	0.0	0.0	0.0	38.3	29.1	12	11
793	347.23	43.50	25	3523	0	0	0	1	1	0.0	0.0	0.0	38.4	29.2	12	11
794	347.37	43.50	25	3523	0	0	0	1	1	0.0	0.0	0.0	38.5	29.2	12	11
795	347.50	43.50	25	3523	0	0	0	1	1	0.0	0.0	0.0	38.5	29.3	12	11
796	347.63	43.50	25	3523	0	1	1	2	2	0.0	15.2	4.0	38.6	29.4	12	11
797	347.77	43.50	25	3523	0	1	1	2	2	0.0	24.1	21.1	38.7	29.4	12	11
798	347.90	43.50	25	3523	0	1	1	2	2	0.0	23.5	20.5	38.8	29.5	12	11
799	348.03	43.50	25	3523	0	1	1	2	2	0.0	22.9	20.0	38.9	29.5	12	11
800	348.17	43.50	25	3523	0	1	1	2	2	0.0	22.2	19.4	39.0	29.6	12	11
801	348.30	43.50	25	3523	0	1	1	2	2	0.0	21.6	18.8	39.1	29.7	12	11
802	348.43	43.50	25	3523	0	1	1	2	2	0.0	20.9	18.3	39.2	29.8	12	11
803	348.57	43.50	25	3523	0	1	1	2	2	0.0	20.2	17.7	39.3	29.9	12	11
804	348.70	43.50	25	3523	0	1	1	2	2	0.0	19.6	17.1	39.5	30.0	12	11
805	348.83	43.50	25	3523	0	0	0	1	1	0.0	0.0	0.0	39.7	30.2	12	11
806	348.97	43.50	25	3523	0	0	0	1	1	0.0	0.0	0.0	39.9	30.3	12	11
807	349.10	43.50	25	3523	0	0	0	1	1	0.0	0.0	0.0	40.2	30.5	12	11
808	349.23	43.50	25	3523	0	0	0	1	1	0.0	0.0	0.0	40.5	30.7	12	11
809	349.37	43.50	25	3523	0	0	0	1	1	0.0	0.0	0.0	40.8	31.0	12	11
810	349.50	43.50	25	3523	0	0	0	1	1	0.0	0.0	0.0	41.2	31.3	12	11
811	349.63	43.50	25	3523	0	0	0	1	1	0.0	0.0	0.0	41.6	31.6	12	11
812	349.77	43.50	25	3523	0	0	0	1	1	0.0	0.0	0.0	42.2	32.0	12	11
813	349.90	43.50	25	3523	0	0	0	1	1	0.0	0.0	0.0	42.7	32.5	12	11
814	350.03	43.50	25	3523	0	0	0	1	1	0.0	0.0	0.0	43.4	32.9	12	11
815	350.17	43.50	25	3523	0	0	0	1	1	0.0	0.0	0.0	44.1	33.5	12	11
816	350.30	43.50	25	3523	0	1	1	2	2	0.0	28.9	25.2	44.9	34.1	12	11
817	350.43	43.50	25	3523	0	1	1	2	2	0.0	27.2	23.8	45.8	34.8	12	11
818	350.57	43.50	25	3523	0	1	1	2	2	0.0	25.8	22.5	46.8	35.5	12	11
819	350.70	43.50	25	3523	1	1	1	2	2	136.9	24.5	21.4	47.9	36.3	12	11
820	350.83	43.50	25	3523	2	1	1	2	2	146.9	23.3	20.4	49.1	37.2	12	11
821	350.97	43.50	25	3523	2	1	1	2	2	153.9	22.3	19.5	50.4	38.2	12	11
822	351.10	43.50	25	3523	2	1	1	2	2	148.0	21.4	18.7	51.8	39.3	12	11
823	351.23	43.50	25	3523	2	1	1	2	2	142.9	20.7	18.1	53.3	40.4	12	11
824	351.37	43.50	25	3523	2	0	0	1	1	138.5	0.0	0.0	54.8	41.6	12	11
825	351.50	43.50	25	3523	3	0	0	1	1	136.2	0.0	0.0	56.5	42.9	12	11
826	351.63	43.50	25	3523	3	0	0	1	1	134.8	0.0	0.0	58.3	44.2	12	11
827	351.77	43.50	25	3523	3	0	0	1	1	133.7	0.0	0.0	60.2	45.7	12	11
828	351.90	43.50	25	3523	4	0	0	1	1	132.7	0.0	0.0	62.2	47.1	12	11
829	352.03	43.50	25	3523	4	0	0	1	0	131.9	0.0	0.0	64.2	0.0	12	11
830	352.17	43.50	25	3523	5	0	0	0	0	131.3	0.0	0.0	0.0	0.0	12	11
831	352.30	43.50	25	3523	5	0	0	0	0	130.9	0.0	0.0	0.0	0.0	12	11
832	352.43	43.50	25	3523	6	0	0	0	0	130.6	0.0	0.0	0.0	0.0	12	11
833	352.57	43.50	25	3523	6	0	0	0	0	130.4	0.0	0.0	0.0	0.0	12	11
834	352.70	43.50	25	3523	6	0	0	0	0	130.3	0.0	0.0	0.0	0.0	12	11
835	352.83	43.50	25	3523	7	0	0	0	0	130.4	0.0	0.0	0.0	0.0	12	11
836	352.97	43.50	25	3523	7	1	1	1	1	130.6	41.3	32.1	41.3	32.1	12	11
837	353.10	43.50	25	3523	7	1	1	1	1	130.9	43.9	31.8	43.9	31.8	12	11
838	353.23	43.50	25	3523	7	1	1	1	1	131.3	43.0	31.5	43.0	31.5	12	11
839	353.37	43.50	25	3523	7	1	1	1	1	131.7	42.2	31.3	42.2	31.3	12	11
840	353.50	43.50	25	3523	7	1	1	1	1	132.3	41.5	31.2	41.5	31.2	12	11
841	353.63	43.50	25	3523	7	1	1	1	1	133.0	40.9	31.0	40.9	31.0	12	11
842	353.77	43.50	25	3523	7	1	1	1	1	133.7	40.4	30.9	40.4	30.9	12	11
843	353.90	43.50	25	3523	7	1	1	1	1	134.5	40.0	30.8	40.0	30.8	12	11
844	354.03	43.50	25	3523	7	1	1	1	1	135.5	39.8	30.8	39.8	30.8	12	11
845	354.17	43.50	25	3523	7	1	1	1	1	136.5	39.6	30.8	39.6	30.8	12	11
846	354.30	43.50	25	3523	7	1	1	1	1	137.7	39.6	30.8	39.6	30.8	12	11
847	354.43	43.50	25	3523	7	1	1	1	1	138.9	39.7	30.9	39.7	30.9	12	11
848	354.57	43.50	25	3523	7	1	1	1	1	140.3	39.8	31.0	39.8	31.0	12	11
849	354.70	43.50	25	3523	7	1	1	1	1	141.7	40.0	31.1	40.0	31.1	12	11
850	354.83	43.50	25	3523	7	1	1	1	1	143.4	40.2	31.3	40.2	31.3	12	11
851	354.97	43.50	25	3523	7	1	1	1	1	145.1	40.4	31.5	40.4	31.5	12	11
852	355.10	43.50	25	3523	7	1	1	1	1	147.1	40.8	31.7	40.8	31.7	12	11
853	355.23	43.50	25	3523	7	1	1	1	1	149.2	41.2	32.0	41.2	32.0	12	11
854	355.37	43.50	25	3523	7	1	1	1	1	151.5	41.8	32.3	41.8	32.3	12	11
855	355.50	43.50	25	3523	7	1	1	1	1	154.0	42.1	32.7	42.1	32.7	12	11
856	355.63	43.50	25	3523	6	0	0	0	0	158.8	0.0	0.0	0.0	0.0	12	11
857	355.77	43.50	25	3523	6	0	0	0	0	164.1	0.0	0.0	0.0	0.0	12	11
858	355.90	43.50	25	3523	6	0	0	0	0	170.0	0.0	0.0	0.0	0.0	12	11
859	356.03	43.50	25	3523	5	0	0	0	0	176.8	0.0	0.0	0.0	0.0	12	11
860	356.17	43.50	25	3523	4	0	0	0	0	184.4	0.0	0.0	0.0	0.0	12	11
861	356.30	43.50	25	3523	4	0	0	0	0	193.2	0.0	0.0	0.0	0.0	12	11
862	356.43	43.50	25	3523	3	0	0	0	0	203.2	0.0	0.0	0.0	0.0	12	11
863	356.57	43.50	25	3523	2	0	0	0	0	207.4	0.0	0.0	0.0	0.0	12	11
864	356.70	43.50	25	3523	1	0	0	0	0	160.0	0.0	0.0	0.0	0.0	12	11
865	356.83	43.50	25	3523	1	1	1	1	1	165.9	19.1	16.7	19.1	16.7	12	11
866	356.97	43.50	25	3523	1	1	1	1	1	172.6	19.5	17.1	19.5	17.1	12	11
867	357.10	43.50	25	3523	0	1	1	1	1	0.0	20.0	17.5	20.0	17.5	12	11
868	357.23	43.50	25	3523	0	1	1	1	1	0.0	20.6	18.0	20.6	18.0	12	11
869	357.37	43.50	25	3523	0	1	1	1	1	0.0	21.3	18.6	21.3	18.6	12	11
870	357.50	43.50	25	3523	0	1	1	1	1	0.0	22.1	19.3	22.1	19.3	12	11
871	357.63	43.50	25	3523	0	1	1	1	1	0.0	22.9	20.1	22.9	20.1	12	11
872	357.77	43.50	25	3523	0	1	1	2	2	0.0	24.0	20.9	77.4	58.6	12	11
873	357.90	43.50	25	3523	0	1	1	2	2	0.0	25.1	22.0	75.7	57.3	12	11
874	358.03	43.50	25	3523	0	1	1	2	2	0.0	26.5	23.2	74.0	56.0	12	11
875	358.17	43.50	25	3523	0	1	1	2	2	0.0	28.1	24.5	72.5	54.8	12	11
876	358.30	43.50	25	3523	0	1	1	2	2	0.0	29.9	26.1	70.9	53.7	12	11
877	358.43	43.50	25	3523	0	1	1	2	2	0.0	32.0	27.9	69.6	52.7	12	11
878	358.57	43.50	25	3523	8	2	2	2	2	160.2	35.6	27.8	35.6	27.8	12	11
879	358.70	43.50	25	3523	8	2	2	2	2	162.8	35.9	28.1	35.9	28.1	12	11
880	358.83	43.50	25	3523	8	2	2	2	2	166.7	36.2	28.3	36.2	28.3	12	11
881	358.97	43.50	25	3523	8	2	2	2	2	171.0	36.5	28.6	36.5	28.6	12	11
882	359.10	43.50	25	3523	8	2	2	2	2	175.1	36.8	28.8	36.8	28.8	12	11
883	359.23	43.50	25	3523	8	2	2	2	2	179.1	37.1	29.0	37.1	29.0	12	11
884	359.37	43.50	25	3523	8	2	2	2	2	182.9	37.3	29.2	37.3	29.2	12	11
885	359.50	43.50	25	3523	8	2	2	2	2	186.3	37.4	29.3	37.4	29.3	12	11
886	359.63	43.50	25	3523	8	2	2	2	2	189.2	37.5	29.4	37.5	29.4	12	11
887	359.77	43.50	25	3523	8	2	2	2	2	191.6	37.6	29.4	37.6	29.4	12	11
888	359.90	43.50	25	3523	8	2	2	2	2	193.4	37.5	29.4	37.5	29.4	12	11
889	360.03	43.50	21	3523	8	2	2	2	2	194.5	37.5	29.3	37.5	29.3	6	6
890	360.17	43.50	22	3523	8	2	2	2	2	194.9	37.3	29.2	37.3	29.2	6	6
891	360.30	43.50	23	3523	8	2	2	2	2	194.5	37.0	29.0	37.0	29.0	6	6
892	360.43	43.50	24	3523	8	2	2	2	2	193.5	36.7	28.8	36.7	28.8	6	6
893	360.57	43.50	25	3523	8	2	2	2	2	191.7	36.4	28.5	36.4	28.5	6	6
894	360.70	43.50	25	3523	8	2	2	2	2	189.3	36.0	28.2	36.0	28.2	6	6
895	360.83	43.50	25	3523	8	2	2	2	2	186.5	35.5	27.9	35.5	27.9	6	6
896	360.97	43.50	25	3523	8	2	2	2	2	183.1	35.1	27.5	35.1	27.5	6	6
897	361.10	43.50	25	3523	8	2	2	2	2	179.5	34.6	27.1	34.6	27.1	6	6
898	361.23	43.50	25	3523	9	2	2	2	2	175.6	34.1	26.8	34.1	26.8	6	6
899	361.37	43.50	25	3523	9	2	2	2	2	171.6	33.6	26.4	33.6	26.4	6	6
