# TREE=0 loads: 34/43/88 .. 36/43/88
# TREE=1 loads: 34/43/88 .. 36/43/87
cfg    floor%  rays |  T0 min  T0 med |  T1 min  T1 med | T1/T0 med
A_H      12.0  1.00 |   1.282   1.338 |   1.281   1.320 | 0.987
A_U2     12.0  2.06 |   2.246   2.373 |   2.292   2.361 | 0.995
A_U3     12.0  3.03 |   2.999   3.686 |   3.028   3.141 | 0.852
A_U4     12.0  4.00 |   3.804   4.385 |   3.785   4.000 | 0.912
B_H      15.1  1.04 |   1.405   1.453 |   1.374   1.421 | 0.978
B_U2     15.1  2.05 |   2.638   2.726 |   2.621   2.754 | 1.010
B_U3     15.1  3.07 |   3.527   3.705 |   3.545   3.772 | 1.018
C_H      17.6  1.00 |   1.570   1.616 |   1.525   1.611 | 0.997
C_U2     17.6  2.03 |   2.905   3.127 |   2.866   3.121 | 0.998
C_U3     17.6  3.01 |   3.991   4.341 |   4.071   4.295 | 0.989
D_H      37.2  1.01 |   2.281   2.353 |   2.243   2.305 | 0.980
D_U2     37.2  2.26 |   5.491   5.987 |   5.453   6.342 | 1.059
F_H      12.0  1.00 |   1.294   1.325 |   1.277   1.315 | 0.992
F_U3     12.0  3.03 |   3.545   3.733 |   3.472   3.732 | 1.000
G_H      19.4  1.05 |   1.668   1.704 |   1.635   1.691 | 0.992
G_U2     19.4  2.04 |   3.254   3.360 |   3.204   3.352 | 0.998
